0 0 0 0 0 0 20
0 0 0 0 0 1 40
0 0 0 0 1 0 20
0 0 0 1 0 0 20
0 0 1 0 0 0 20
0 1 0 0 0 0 20
1 0 0 0 0 0 35
0 0 0 0 0 2 60
0 0 0 0 2 0 20
0 0 0 1 1 0 25
0 0 0 2 0 0 30
0 0 1 0 1 0 20
0 0 1 1 0 0 20
0 0 2 0 0 0 20
0 1 0 0 0 1 40
0 1 0 0 1 0 20
0 1 0 1 0 0 20
0 1 1 0 0 0 20
0 2 0 0 0 0 33
1 0 0 0 0 1 55
1 0 0 0 1 0 35
1 0 0 1 0 0 35
1 0 1 0 0 0 35
1 1 0 0 0 0 35
2 0 0 0 0 0 50
0 0 0 0 0 3 70
0 0 0 0 2 1 40
0 0 0 1 1 1 45
0 0 0 2 0 1 50
0 0 1 0 1 1 40
0 0 1 0 2 0 20
0 0 1 1 0 1 40
0 0 1 1 1 0 25
0 0 1 2 0 0 30
0 0 2 0 0 1 40
0 0 2 0 1 0 20
0 0 2 1 0 0 20
0 0 3 0 0 0 20
0 1 0 0 0 2 60
0 1 0 0 2 0 24
0 1 0 1 1 0 25
0 1 0 2 0 0 30
0 1 1 0 1 0 24
0 1 1 1 0 0 24
0 1 2 0 0 0 20
0 2 0 0 0 1 53
0 2 0 0 1 0 33
0 2 0 1 0 0 38
0 2 1 0 0 0 33
0 3 0 0 0 0 33
1 0 0 0 0 2 75
1 0 0 0 2 0 35
1 0 0 1 1 0 40
1 0 0 2 0 0 45
1 0 1 0 1 0 35
1 0 1 1 0 0 35
1 0 2 0 0 0 35
1 1 0 0 0 1 55
1 1 0 0 1 0 35
1 1 0 1 0 0 35
1 1 1 0 0 0 35
1 2 0 0 0 0 48
2 0 0 0 0 1 70
2 0 0 0 1 0 50
2 0 0 1 0 0 50
2 0 1 0 0 0 50
2 1 0 0 0 0 50
3 0 0 0 0 0 65
0 0 0 0 0 4 90
0 0 1 0 1 2 60
0 0 1 1 0 2 60
0 0 2 0 0 2 60
0 0 2 0 2 0 20
0 0 2 1 1 0 25
0 0 2 2 0 0 30
0 0 3 0 1 0 20
0 0 3 1 0 0 20
0 0 4 0 0 0 20
0 1 0 0 0 3 74
0 1 0 0 2 1 44
0 1 0 1 1 1 45
0 1 0 2 0 1 50
0 1 1 0 1 1 40
0 1 1 0 2 0 24
0 1 1 1 0 1 40
0 1 1 1 1 0 25
0 1 1 2 0 0 30
0 1 2 0 0 1 40
0 1 2 0 1 0 24
0 1 2 1 0 0 24
0 1 3 0 0 0 20
0 2 0 0 0 2 73
0 2 0 0 2 0 38
0 2 0 1 1 0 38
0 2 0 2 0 0 43
0 2 1 0 1 0 33
0 2 1 1 0 0 38
0 2 2 0 0 0 33
0 3 0 0 0 1 53
0 3 0 0 1 0 37
0 3 0 1 0 0 38
0 3 1 0 0 0 33
0 4 0 0 0 0 46
1 0 0 0 0 3 85
1 0 1 0 1 1 55
1 0 1 0 2 0 35
1 0 1 1 0 1 55
1 0 1 1 1 0 40
1 0 1 2 0 0 45
1 0 2 0 0 1 55
1 0 2 0 1 0 35
1 0 2 1 0 0 35
1 0 3 0 0 0 35
1 1 0 0 0 2 75
1 1 0 0 2 0 39
1 1 0 1 1 0 40
1 1 0 2 0 0 45
1 1 1 0 1 0 39
1 1 1 1 0 0 39
1 1 2 0 0 0 35
1 2 0 0 0 1 68
1 2 0 0 1 0 48
1 2 0 1 0 0 53
1 2 1 0 0 0 48
1 3 0 0 0 0 48
2 0 0 0 0 2 90
2 0 1 0 1 0 50
2 0 1 1 0 0 50
2 0 2 0 0 0 50
2 1 0 0 0 1 70
2 1 0 0 1 0 50
2 1 0 1 0 0 50
2 1 1 0 0 0 50
2 2 0 0 0 0 63
3 0 0 0 0 1 85
3 0 1 0 0 0 65
3 1 0 0 0 0 65
0 0 2 0 0 3 70
0 0 2 0 2 1 40
0 0 2 1 1 1 45
0 0 2 2 0 1 50
0 0 3 0 1 1 40
0 0 3 0 2 0 20
0 0 3 1 0 1 40
0 0 3 1 1 0 25
0 0 3 2 0 0 30
0 0 4 0 0 1 40
0 0 4 0 1 0 20
0 0 4 1 0 0 20
0 0 5 0 0 0 20
0 1 1 0 1 2 60
0 1 1 1 0 2 60
0 1 2 0 0 2 60
0 1 2 0 2 0 24
0 1 2 1 1 0 25
0 1 2 2 0 0 30
0 1 3 0 1 0 24
0 1 3 1 0 0 24
0 1 4 0 0 0 20
0 2 0 0 0 3 83
0 2 0 0 2 1 58
0 2 0 1 1 1 58
0 2 0 2 0 1 58
0 2 1 0 1 1 53
0 2 1 0 2 0 38
0 2 1 1 0 1 58
0 2 1 1 1 0 38
0 2 1 2 0 0 48
0 2 2 0 0 1 53
0 2 2 0 1 0 33
0 2 2 1 0 0 38
0 2 3 0 0 0 33
0 3 0 0 0 2 73
0 3 0 0 2 0 42
0 3 0 1 1 0 42
0 3 0 2 0 0 47
0 3 1 0 1 0 37
0 3 1 1 0 0 38
0 3 2 0 0 0 33
0 4 0 0 0 1 66
0 4 0 0 1 0 46
0 4 0 1 0 0 51
0 4 1 0 0 0 46
0 5 0 0 0 0 46
1 0 2 0 0 2 75
1 0 2 0 2 0 35
1 0 2 1 1 0 40
1 0 2 2 0 0 45
1 0 3 0 1 0 35
1 0 3 1 0 0 35
1 0 4 0 0 0 35
1 1 1 0 1 1 55
1 1 1 0 2 0 39
1 1 1 1 0 1 55
1 1 1 1 1 0 40
1 1 1 2 0 0 45
1 1 2 0 0 1 55
1 1 2 0 1 0 39
1 1 2 1 0 0 39
1 1 3 0 0 0 35
1 2 0 0 0 2 88
1 2 1 0 1 0 48
1 2 1 1 0 0 53
1 2 2 0 0 0 48
1 3 0 0 0 1 68
1 3 0 0 1 0 52
1 3 0 1 0 0 53
1 3 1 0 0 0 48
1 4 0 0 0 0 61
2 0 2 0 0 1 70
2 0 2 0 1 0 50
2 0 2 1 0 0 50
2 0 3 0 0 0 50
2 1 1 0 1 0 54
2 1 1 1 0 0 54
2 1 2 0 0 0 50
2 2 0 0 0 1 83
2 2 0 0 1 0 63
2 2 0 1 0 0 68
2 2 1 0 0 0 63
2 3 0 0 0 0 63
3 0 2 0 0 0 65
3 1 1 0 0 0 65
3 2 0 0 0 0 78
0 0 3 0 1 2 60
0 0 3 1 0 2 60
0 0 4 0 0 2 60
0 0 4 0 2 0 20
0 0 4 1 1 0 25
0 0 4 2 0 0 30
0 0 5 0 1 0 20
0 0 5 1 0 0 20
0 0 6 0 0 0 20
0 1 2 0 0 3 74
0 1 2 0 2 1 44
0 1 2 1 1 1 45
0 1 2 2 0 1 50
0 1 3 0 1 1 40
0 1 3 0 2 0 24
0 1 3 1 0 1 40
0 1 3 1 1 0 25
0 1 3 2 0 0 30
0 1 4 0 0 1 40
0 1 4 0 1 0 24
0 1 4 1 0 0 24
0 1 5 0 0 0 20
0 2 1 0 1 2 73
0 2 1 1 0 2 78
0 2 2 0 0 2 73
0 2 2 0 2 0 38
0 2 2 1 1 0 38
0 2 2 2 0 0 48
0 2 3 0 1 0 33
0 2 3 1 0 0 38
0 2 4 0 0 0 33
0 3 0 0 0 3 87
0 3 0 0 2 1 62
0 3 0 1 1 1 62
0 3 0 2 0 1 62
0 3 1 0 1 1 57
0 3 1 0 2 0 42
0 3 1 1 0 1 58
0 3 1 1 1 0 42
0 3 1 2 0 0 48
0 3 2 0 0 1 53
0 3 2 0 1 0 37
0 3 2 1 0 0 38
0 3 3 0 0 0 33
0 4 0 0 0 2 86
0 4 0 0 2 0 56
0 4 0 1 1 0 51
0 4 0 2 0 0 56
0 4 1 0 1 0 46
0 4 1 1 0 0 51
0 4 2 0 0 0 46
0 5 0 0 0 1 66
0 5 0 0 1 0 50
0 5 0 1 0 0 51
0 5 1 0 0 0 46
0 6 0 0 0 0 49
1 0 3 0 1 1 55
1 0 3 1 0 1 55
1 0 4 0 0 1 55
1 0 4 0 1 0 35
1 0 4 1 0 0 35
1 0 5 0 0 0 35
1 1 2 0 0 2 75
1 1 2 0 2 0 39
1 1 2 1 1 0 40
1 1 2 2 0 0 45
1 1 3 0 1 0 39
1 1 3 1 0 0 39
1 1 4 0 0 0 35
1 2 1 0 1 1 68
1 2 1 1 0 1 73
1 2 2 0 0 1 68
1 2 2 0 1 0 48
1 2 2 1 0 0 53
1 2 3 0 0 0 48
1 3 0 0 0 2 88
1 3 1 0 1 0 52
1 3 1 1 0 0 53
1 3 2 0 0 0 48
1 4 0 0 0 1 81
1 4 0 0 1 0 61
1 4 0 1 0 0 66
1 4 1 0 0 0 61
1 5 0 0 0 0 61
2 0 3 0 1 0 50
2 0 3 1 0 0 50
2 0 4 0 0 0 50
2 1 2 0 0 1 70
2 1 2 0 1 0 54
2 1 2 1 0 0 54
2 1 3 0 0 0 50
2 2 1 0 1 0 63
2 2 1 1 0 0 68
2 2 2 0 0 0 63
2 3 0 0 0 1 83
2 3 0 0 1 0 67
2 3 0 1 0 0 68
2 3 1 0 0 0 63
2 4 0 0 0 0 76
3 0 3 0 0 0 65
3 1 2 0 0 0 65
3 2 1 0 0 0 78
3 3 0 0 0 0 78
0 0 4 0 0 3 70
0 0 5 0 1 1 40
0 0 5 0 2 0 20
0 0 5 1 0 1 40
0 0 6 0 0 1 40
0 0 6 0 1 0 20
0 0 6 1 0 0 20
0 0 7 0 0 0 20
0 1 3 0 1 2 60
0 1 3 1 0 2 60
0 1 4 0 0 2 60
0 1 4 0 2 0 24
0 1 4 1 1 0 25
0 1 4 2 0 0 30
0 1 5 0 1 0 24
0 1 5 1 0 0 24
0 1 6 0 0 0 20
0 2 2 0 0 3 83
0 2 3 0 1 1 53
0 2 3 0 2 0 38
0 2 3 1 0 1 58
0 2 3 1 1 0 38
0 2 3 2 0 0 48
0 2 4 0 0 1 53
0 2 4 0 1 0 33
0 2 4 1 0 0 38
0 2 5 0 0 0 33
0 3 1 0 1 2 77
0 3 1 1 0 2 78
0 3 2 0 0 2 73
0 3 2 0 2 0 42
0 3 2 1 1 0 42
0 3 2 2 0 0 48
0 3 3 0 1 0 37
0 3 3 1 0 0 38
0 3 4 0 0 0 33
0 4 0 0 0 3 106
0 4 1 0 1 1 66
0 4 1 0 2 0 56
0 4 1 1 0 1 71
0 4 1 1 1 0 56
0 4 1 2 0 0 61
0 4 2 0 0 1 66
0 4 2 0 1 0 46
0 4 2 1 0 0 51
0 4 3 0 0 0 46
0 5 0 0 0 2 86
0 5 0 0 2 0 56
0 5 0 1 1 0 55
0 5 0 2 0 0 60
0 5 1 0 1 0 50
0 5 1 1 0 0 51
0 5 2 0 0 0 46
0 6 0 0 0 1 79
0 6 0 0 1 0 50
0 6 0 1 0 0 54
0 6 1 0 0 0 54
0 7 0 0 0 0 58
1 0 4 0 0 2 75
1 0 5 0 1 0 35
1 0 5 1 0 0 35
1 0 6 0 0 0 35
1 1 3 0 1 1 55
1 1 3 1 0 1 55
1 1 4 0 0 1 55
1 1 4 0 1 0 39
1 1 4 1 0 0 39
1 1 5 0 0 0 35
1 2 2 0 0 2 88
1 2 3 0 1 0 48
1 2 3 1 0 0 53
1 2 4 0 0 0 48
1 3 1 0 1 1 72
1 3 1 1 0 1 73
1 3 2 0 0 1 68
1 3 2 0 1 0 52
1 3 2 1 0 0 53
1 3 3 0 0 0 48
1 4 0 0 0 2 101
1 4 1 0 1 0 61
1 4 1 1 0 0 66
1 4 2 0 0 0 61
1 5 0 0 0 1 81
1 5 0 0 1 0 65
1 5 0 1 0 0 66
1 5 1 0 0 0 61
1 6 0 0 0 0 64
2 0 4 0 0 1 70
2 0 5 0 0 0 50
2 1 3 0 1 0 54
2 1 3 1 0 0 54
2 1 4 0 0 0 50
2 2 2 0 0 1 83
2 2 3 0 0 0 63
2 3 1 0 1 0 67
2 3 1 1 0 0 68
2 3 2 0 0 0 63
2 4 0 0 0 1 96
2 4 1 0 0 0 76
2 5 0 0 0 0 76
3 0 4 0 0 0 65
3 1 3 0 0 0 65
3 2 2 0 0 0 78
3 3 1 0 0 0 78
0 0 6 0 0 2 60
0 0 6 0 2 0 20
0 0 7 0 1 0 20
0 0 7 1 0 0 20
0 0 8 0 0 0 20
0 1 4 0 0 3 74
0 1 5 0 1 1 40
0 1 5 0 2 0 24
0 1 5 1 0 1 40
0 1 6 0 0 1 40
0 1 6 0 1 0 24
0 1 6 1 0 0 24
0 1 7 0 0 0 20
0 2 4 0 0 2 73
0 2 4 0 2 0 38
0 2 4 1 1 0 38
0 2 4 2 0 0 48
0 2 5 0 1 0 33
0 2 5 1 0 0 38
0 2 6 0 0 0 33
0 3 2 0 0 3 87
0 3 3 0 1 1 57
0 3 3 0 2 0 42
0 3 3 1 0 1 58
0 3 3 1 1 0 42
0 3 3 2 0 0 48
0 3 4 0 0 1 53
0 3 4 0 1 0 37
0 3 4 1 0 0 38
0 3 5 0 0 0 33
0 4 2 0 0 2 86
0 4 2 0 2 0 56
0 4 2 1 1 0 56
0 4 2 2 0 0 66
0 4 3 0 1 0 46
0 4 3 1 0 0 51
0 4 4 0 0 0 46
0 5 0 0 0 3 106
0 5 1 0 1 1 70
0 5 1 0 2 0 56
0 5 1 1 0 1 71
0 5 1 1 1 0 56
0 5 1 2 0 0 65
0 5 2 0 0 1 66
0 5 2 0 1 0 50
0 5 2 1 0 0 51
0 5 3 0 0 0 46
0 6 0 0 0 2 94
0 6 0 0 2 0 69
0 6 0 1 1 0 64
0 6 0 2 0 0 69
0 6 1 0 1 0 54
0 6 1 1 0 0 59
0 6 2 0 0 0 59
0 7 0 0 0 1 79
0 7 0 0 1 0 58
0 7 0 1 0 0 63
0 7 1 0 0 0 58
0 8 0 0 0 0 62
1 0 6 0 0 1 55
1 0 6 0 1 0 35
1 0 6 1 0 0 35
1 0 7 0 0 0 35
1 1 4 0 0 2 75
1 1 5 0 1 0 39
1 1 5 1 0 0 39
1 1 6 0 0 0 35
1 2 4 0 0 1 68
1 2 4 0 1 0 48
1 2 4 1 0 0 53
1 2 5 0 0 0 48
1 3 2 0 0 2 88
1 3 3 0 1 0 52
1 3 3 1 0 0 53
1 3 4 0 0 0 48
1 4 2 0 0 1 81
1 4 2 0 1 0 61
1 4 2 1 0 0 66
1 4 3 0 0 0 61
1 5 0 0 0 2 101
1 5 1 0 1 0 65
1 5 1 1 0 0 66
1 5 2 0 0 0 61
1 6 0 0 0 1 94
1 6 0 0 1 0 65
1 6 0 1 0 0 69
1 6 1 0 0 0 69
1 7 0 0 0 0 73
2 0 6 0 0 0 50
2 1 4 0 0 1 70
2 1 5 0 0 0 50
2 2 4 0 0 0 63
2 3 2 0 0 1 83
2 3 3 0 0 0 63
2 4 2 0 0 0 76
2 5 0 0 0 1 96
2 5 1 0 0 0 76
2 6 0 0 0 0 79
3 1 4 0 0 0 65
3 3 2 0 0 0 78
0 0 7 0 1 1 40
0 0 7 1 0 1 40
0 0 8 0 0 1 40
0 0 8 0 1 0 20
0 0 8 1 0 0 20
0 0 9 0 0 0 20
0 1 6 0 0 2 60
0 1 6 0 2 0 24
0 1 7 0 1 0 24
0 1 7 1 0 0 24
0 1 8 0 0 0 20
0 2 5 0 1 1 53
0 2 5 0 2 0 38
0 2 5 1 0 1 58
0 2 6 0 0 1 53
0 2 6 0 1 0 33
0 2 6 1 0 0 38
0 2 7 0 0 0 33
0 3 4 0 0 2 73
0 3 4 0 2 0 42
0 3 4 1 1 0 42
0 3 4 2 0 0 48
0 3 5 0 1 0 37
0 3 5 1 0 0 38
0 3 6 0 0 0 33
0 4 3 0 1 1 66
0 4 3 0 2 0 56
0 4 3 1 0 1 71
0 4 3 1 1 0 56
0 4 3 2 0 0 66
0 4 4 0 0 1 66
0 4 4 0 1 0 46
0 4 4 1 0 0 51
0 4 5 0 0 0 46
0 5 2 0 0 2 86
0 5 2 0 2 0 56
0 5 2 1 1 0 56
0 5 2 2 0 0 66
0 5 3 0 1 0 50
0 5 3 1 0 0 51
0 5 4 0 0 0 46
0 6 1 0 1 1 79
0 6 1 0 2 0 69
0 6 1 1 0 1 79
0 6 1 1 1 0 64
0 6 1 2 0 0 69
0 6 2 0 0 1 79
0 6 2 0 1 0 59
0 6 2 1 0 0 64
0 6 3 0 0 0 59
0 7 0 0 0 2 98
0 7 1 0 1 0 63
0 7 1 1 0 0 63
0 7 2 0 0 0 59
0 8 0 0 0 1 92
0 8 0 0 1 0 62
0 8 0 1 0 0 67
0 8 1 0 0 0 67
0 9 0 0 0 0 66
1 0 7 0 1 0 35
1 0 7 1 0 0 35
1 0 8 0 0 0 35
1 1 6 0 0 1 55
1 1 6 0 1 0 39
1 1 6 1 0 0 39
1 1 7 0 0 0 35
1 2 5 0 1 0 48
1 2 5 1 0 0 53
1 2 6 0 0 0 48
1 3 4 0 0 1 68
1 3 4 0 1 0 52
1 3 4 1 0 0 53
1 3 5 0 0 0 48
1 4 3 0 1 0 61
1 4 3 1 0 0 66
1 4 4 0 0 0 61
1 5 2 0 0 1 81
1 5 2 0 1 0 65
1 5 2 1 0 0 66
1 5 3 0 0 0 61
1 6 1 0 1 0 69
1 6 1 1 0 0 74
1 6 2 0 0 0 74
1 7 0 0 0 1 94
1 7 0 0 1 0 73
1 7 0 1 0 0 78
1 7 1 0 0 0 73
1 8 0 0 0 0 77
2 0 7 0 0 0 50
2 1 6 0 0 0 50
2 2 5 0 0 0 63
2 3 4 0 0 0 63
2 4 3 0 0 0 76
2 5 2 0 0 0 76
2 6 1 0 0 0 84
2 7 0 0 0 0 88
0 0 8 0 0 2 60
0 0 9 0 1 0 20
0 0 9 1 0 0 20
0 0 10 0 0 0 20
0 1 7 0 1 1 40
0 1 7 1 0 1 40
0 1 8 0 0 1 40
0 1 8 0 1 0 24
0 1 8 1 0 0 24
0 1 9 0 0 0 20
0 2 6 0 0 2 73
0 2 6 0 2 0 38
0 2 7 0 1 0 33
0 2 7 1 0 0 38
0 2 8 0 0 0 33
0 3 5 0 1 1 57
0 3 5 1 0 1 58
0 3 6 0 0 1 53
0 3 6 0 1 0 37
0 3 6 1 0 0 38
0 3 7 0 0 0 33
0 4 4 0 0 2 86
0 4 4 0 2 0 56
0 4 4 1 1 0 56
0 4 4 2 0 0 66
0 4 5 0 1 0 46
0 4 5 1 0 0 51
0 4 6 0 0 0 46
0 5 3 0 1 1 70
0 5 3 1 0 1 71
0 5 4 0 0 1 66
0 5 4 0 1 0 50
0 5 4 1 0 0 51
0 5 5 0 0 0 46
0 6 2 0 0 2 94
0 6 2 0 2 0 69
0 6 2 1 1 0 64
0 6 2 2 0 0 74
0 6 3 0 1 0 59
0 6 3 1 0 0 64
0 6 4 0 0 0 59
0 7 1 0 1 1 83
0 7 1 1 0 1 83
0 7 2 0 0 1 79
0 7 2 0 1 0 63
0 7 2 1 0 0 64
0 7 3 0 0 0 59
0 8 0 0 0 2 107
0 8 1 0 1 0 67
0 8 1 1 0 0 72
0 8 2 0 0 0 72
0 9 0 0 0 1 92
0 9 0 0 1 0 66
0 9 0 1 0 0 71
0 9 1 0 0 0 71
0 10 0 0 0 0 70
1 0 8 0 0 1 55
1 0 8 0 1 0 35
1 0 8 1 0 0 35
1 0 9 0 0 0 35
1 1 7 0 1 0 39
1 1 7 1 0 0 39
1 1 8 0 0 0 35
1 2 6 0 0 1 68
1 2 6 0 1 0 48
1 2 6 1 0 0 53
1 2 7 0 0 0 48
1 3 5 0 1 0 52
1 3 5 1 0 0 53
1 3 6 0 0 0 48
1 4 4 0 0 1 81
1 4 4 0 1 0 61
1 4 4 1 0 0 66
1 4 5 0 0 0 61
1 5 3 0 1 0 65
1 5 3 1 0 0 66
1 5 4 0 0 0 61
1 6 2 0 0 1 94
1 6 2 0 1 0 74
1 6 2 1 0 0 79
1 6 3 0 0 0 74
1 7 1 0 1 0 78
1 7 1 1 0 0 78
1 7 2 0 0 0 74
1 8 0 0 0 1 102
1 8 0 0 1 0 77
1 8 0 1 0 0 82
1 8 1 0 0 0 82
1 9 0 0 0 0 81
2 0 8 0 0 0 50
2 1 7 0 0 0 50
2 2 6 0 0 0 63
2 3 5 0 0 0 63
2 4 4 0 0 0 76
2 5 3 0 0 0 76
2 6 2 0 0 0 89
2 7 1 0 0 0 88
2 8 0 0 0 0 92
0 0 9 0 1 1 40
0 0 9 1 0 1 40
0 0 10 0 0 1 40
0 0 11 0 0 0 20
0 1 8 0 0 2 60
0 1 9 0 1 0 24
0 1 9 1 0 0 24
0 1 10 0 0 0 20
0 2 7 0 1 1 53
0 2 7 1 0 1 58
0 2 8 0 0 1 53
0 2 8 0 1 0 33
0 2 8 1 0 0 38
0 2 9 0 0 0 33
0 3 6 0 0 2 73
0 3 7 0 1 0 37
0 3 7 1 0 0 38
0 3 8 0 0 0 33
0 4 5 0 1 1 66
0 4 5 1 0 1 71
0 4 6 0 0 1 66
0 4 6 0 1 0 46
0 4 6 1 0 0 51
0 4 7 0 0 0 46
0 5 4 0 0 2 86
0 5 5 0 1 0 50
0 5 5 1 0 0 51
0 5 6 0 0 0 46
0 6 3 0 1 1 79
0 6 3 1 0 1 84
0 6 4 0 0 1 79
0 6 4 0 1 0 59
0 6 4 1 0 0 64
0 6 5 0 0 0 59
0 7 2 0 0 2 98
0 7 3 0 1 0 63
0 7 3 1 0 0 64
0 7 4 0 0 0 59
0 8 1 0 1 1 92
0 8 1 1 0 1 92
0 8 2 0 0 1 92
0 8 2 0 1 0 72
0 8 2 1 0 0 72
0 8 3 0 0 0 72
0 9 0 0 0 2 111
0 9 1 0 1 0 71
0 9 1 1 0 0 76
0 9 2 0 0 0 72
0 10 0 0 0 1 92
0 10 0 0 1 0 70
0 10 0 1 0 0 75
0 10 1 0 0 0 71
0 11 0 0 0 0 74
1 0 9 0 1 0 35
1 0 9 1 0 0 35
1 0 10 0 0 0 35
1 1 8 0 0 1 55
1 1 9 0 0 0 35
1 2 7 0 1 0 48
1 2 7 1 0 0 53
1 2 8 0 0 0 48
1 3 6 0 0 1 68
1 3 7 0 0 0 48
1 4 5 0 1 0 61
1 4 5 1 0 0 66
1 4 6 0 0 0 61
1 5 4 0 0 1 81
1 5 5 0 0 0 61
1 6 3 0 1 0 74
1 6 3 1 0 0 79
1 6 4 0 0 0 74
1 7 2 0 0 1 94
1 7 3 0 0 0 74
1 8 1 0 1 0 82
1 8 1 1 0 0 87
1 8 2 0 0 0 87
1 9 0 0 0 1 106
1 9 1 0 0 0 86
1 10 0 0 0 0 85
2 0 9 0 0 0 50
2 1 8 0 0 0 50
2 2 7 0 0 0 63
2 3 6 0 0 0 63
2 4 5 0 0 0 76
2 5 4 0 0 0 76
2 6 3 0 0 0 89
2 7 2 0 0 0 89
2 8 1 0 0 0 97
0 0 10 0 0 2 60
0 0 12 0 0 0 20
0 1 10 0 0 1 40
0 1 11 0 0 0 20
0 2 8 0 0 2 73
0 2 9 0 1 0 33
0 2 9 1 0 0 38
0 2 10 0 0 0 33
0 3 8 0 0 1 53
0 3 8 0 1 0 37
0 3 8 1 0 0 38
0 3 9 0 0 0 33
0 4 6 0 0 2 86
0 4 7 0 1 0 46
0 4 7 1 0 0 51
0 4 8 0 0 0 46
0 5 6 0 0 1 66
0 5 6 0 1 0 50
0 5 6 1 0 0 51
0 5 7 0 0 0 46
0 6 4 0 0 2 94
0 6 5 0 1 0 59
0 6 5 1 0 0 64
0 6 6 0 0 0 59
0 7 4 0 0 1 79
0 7 4 0 1 0 63
0 7 4 1 0 0 64
0 7 5 0 0 0 59
0 8 2 0 0 2 107
0 8 3 0 1 0 72
0 8 3 1 0 0 72
0 8 4 0 0 0 72
0 9 2 0 0 1 92
0 9 2 0 1 0 76
0 9 2 1 0 0 76
0 9 3 0 0 0 72
0 10 0 0 0 2 111
0 10 1 0 1 0 75
0 10 1 1 0 0 76
0 10 2 0 0 0 75
0 11 0 0 0 1 99
0 11 0 0 1 0 74
0 11 0 1 0 0 84
0 11 1 0 0 0 79
0 12 0 0 0 0 83
1 0 10 0 0 1 55
1 0 11 0 0 0 35
1 1 10 0 0 0 35
1 2 8 0 0 1 68
1 2 9 0 0 0 48
1 3 8 0 0 0 48
1 4 6 0 0 1 81
1 4 7 0 0 0 61
1 5 6 0 0 0 61
1 6 4 0 0 1 94
1 6 5 0 0 0 74
1 7 4 0 0 0 74
1 8 2 0 0 1 102
1 8 3 0 0 0 87
1 9 2 0 0 0 87
1 10 0 0 0 1 106
1 10 1 0 0 0 86
1 11 0 0 0 0 89
2 0 10 0 0 0 50
2 2 8 0 0 0 63
2 4 6 0 0 0 76
2 6 4 0 0 0 89
2 8 2 0 0 0 102
0 0 12 0 0 1 40
0 1 12 0 0 0 20
0 2 10 0 0 1 53
0 2 11 0 0 0 33
0 3 9 0 1 0 37
0 3 9 1 0 0 38
0 3 10 0 0 0 33
0 4 8 0 0 1 66
0 4 8 0 1 0 46
0 4 8 1 0 0 51
0 4 9 0 0 0 46
0 5 7 0 1 0 50
0 5 7 1 0 0 51
0 5 8 0 0 0 46
0 6 6 0 0 1 79
0 6 6 0 1 0 59
0 6 6 1 0 0 64
0 6 7 0 0 0 59
0 7 5 0 1 0 63
0 7 5 1 0 0 64
0 7 6 0 0 0 59
0 8 4 0 0 1 92
0 8 4 0 1 0 72
0 8 4 1 0 0 72
0 8 5 0 0 0 72
0 9 3 0 1 0 76
0 9 3 1 0 0 76
0 9 4 0 0 0 72
0 10 2 0 0 1 100
0 10 2 0 1 0 76
0 10 2 1 0 0 80
0 10 3 0 0 0 75
0 11 1 0 1 0 79
0 11 1 1 0 0 89
0 11 2 0 0 0 84
0 12 0 0 0 1 103
0 12 0 0 1 0 83
0 12 0 1 0 0 88
0 12 1 0 0 0 83
0 13 0 0 0 0 83
1 0 12 0 0 0 35
1 1 11 0 0 0 35
1 2 10 0 0 0 48
1 3 9 0 0 0 48
1 4 8 0 0 0 61
1 5 7 0 0 0 61
1 6 6 0 0 0 74
1 7 5 0 0 0 74
1 8 4 0 0 0 87
1 9 3 0 0 0 87
1 10 2 0 0 0 90
1 11 1 0 0 0 94
1 12 0 0 0 0 98
0 1 12 0 0 1 40
0 2 12 0 0 0 33
0 3 10 0 0 1 53
0 3 11 0 0 0 33
0 4 9 0 1 0 46
0 4 9 1 0 0 51
0 4 10 0 0 0 46
0 5 8 0 0 1 66
0 5 8 0 1 0 50
0 5 8 1 0 0 51
0 5 9 0 0 0 46
0 6 7 0 1 0 59
0 6 7 1 0 0 64
0 6 8 0 0 0 59
0 7 6 0 0 1 79
0 7 6 0 1 0 63
0 7 6 1 0 0 64
0 7 7 0 0 0 59
0 8 5 0 1 0 72
0 8 5 1 0 0 72
0 8 6 0 0 0 72
0 9 4 0 0 1 92
0 9 4 0 1 0 76
0 9 4 1 0 0 76
0 9 5 0 0 0 72
0 10 3 0 1 0 76
0 10 3 1 0 0 80
0 10 4 0 0 0 80
0 11 2 0 0 1 100
0 11 2 0 1 0 84
0 11 2 1 0 0 89
0 11 3 0 0 0 84
0 12 1 0 1 0 88
0 12 1 1 0 0 89
0 12 2 0 0 0 84
0 13 0 0 0 1 103
0 13 0 0 1 0 87
0 13 0 1 0 0 92
0 13 1 0 0 0 83
0 14 0 0 0 0 96
1 1 12 0 0 0 35
1 2 11 0 0 0 48
1 3 10 0 0 0 48
1 4 9 0 0 0 61
1 5 8 0 0 0 61
1 6 7 0 0 0 74
1 7 6 0 0 0 74
1 8 5 0 0 0 87
1 9 4 0 0 0 87
1 10 3 0 0 0 90
1 11 2 0 0 0 99
1 12 1 0 0 0 98
1 13 0 0 0 0 98
0 0 14 0 0 1 40
0 2 12 0 0 1 53
0 3 12 0 0 0 33
0 4 10 0 0 1 66
0 4 11 0 0 0 46
0 5 9 0 1 0 50
0 5 9 1 0 0 51
0 5 10 0 0 0 46
0 6 8 0 0 1 79
0 6 9 0 0 0 59
0 7 7 0 1 0 63
0 7 7 1 0 0 64
0 7 8 0 0 0 59
0 8 6 0 0 1 92
0 8 7 0 0 0 72
0 9 5 0 1 0 76
0 9 5 1 0 0 76
0 9 6 0 0 0 72
0 10 4 0 0 1 100
0 10 5 0 0 0 80
0 11 3 0 1 0 89
0 11 3 1 0 0 89
0 11 4 0 0 0 84
0 12 2 0 0 1 103
0 12 3 0 0 0 84
0 13 1 0 1 0 88
0 13 1 1 0 0 92
0 13 2 0 0 0 87
0 14 0 0 0 1 106
0 14 1 0 0 0 96
0 15 0 0 0 0 96
1 2 12 0 0 0 48
1 3 11 0 0 0 48
1 4 10 0 0 0 61
1 5 9 0 0 0 61
1 6 8 0 0 0 74
1 7 7 0 0 0 74
1 8 6 0 0 0 87
1 9 5 0 0 0 87
1 10 4 0 0 0 90
1 11 3 0 0 0 99
1 12 2 0 0 0 99
1 13 1 0 0 0 98
0 1 14 0 0 1 40
0 3 12 0 0 1 53
0 4 12 0 0 0 46
0 5 10 0 0 1 66
0 5 11 0 0 0 46
0 6 10 0 0 0 59
0 7 8 0 0 1 79
0 7 9 0 0 0 59
0 8 8 0 0 0 72
0 9 6 0 0 1 92
0 9 7 0 0 0 72
0 10 6 0 0 0 80
0 11 4 0 0 1 100
0 11 5 0 0 0 84
0 12 4 0 0 0 84
0 13 2 0 0 1 103
0 13 3 0 0 0 87
0 14 2 0 0 0 96
0 15 0 0 0 1 106
0 15 1 0 0 0 96
0 16 0 0 0 0 96
1 3 12 0 0 0 48
1 5 10 0 0 0 61
1 7 8 0 0 0 74
1 9 6 0 0 0 87
1 11 4 0 0 0 99
1 13 2 0 0 0 102
0 5 12 0 0 0 46
0 6 11 0 0 0 59
0 7 10 0 0 0 59
0 8 9 0 0 0 72
0 9 8 0 0 0 72
0 10 7 0 0 0 80
0 11 6 0 0 0 84
0 12 5 0 0 0 88
0 13 4 0 0 0 92
0 14 3 0 0 0 96
0 15 2 0 0 0 96
0 16 1 0 0 0 96
0 17 0 0 0 0 103
0 6 12 0 0 0 59
0 7 11 0 0 0 59
0 8 10 0 0 0 72
0 9 9 0 0 0 72
0 10 8 0 0 0 80
0 11 7 0 0 0 84
0 12 6 0 0 0 88
0 13 5 0 0 0 92
0 14 4 0 0 0 96
0 15 3 0 0 0 96
0 16 2 0 0 0 99
0 17 1 0 0 0 103
0 18 0 0 0 0 103
0 7 12 0 0 0 59
0 8 11 0 0 0 72
0 9 10 0 0 0 72
0 10 9 0 0 0 80
0 11 8 0 0 0 84
0 12 7 0 0 0 88
0 13 6 0 0 0 92
0 14 5 0 0 0 96
0 15 4 0 0 0 96
0 16 3 0 0 0 99
0 17 2 0 0 0 103
0 18 1 0 0 0 107
0 8 12 0 0 0 72
0 10 10 0 0 0 80
0 12 8 0 0 0 88
0 14 6 0 0 0 96
0 16 4 0 0 0 104
0 18 2 0 0 0 107
