UB7 164
0 0 0 0 0 0 20
0 0 0 1 0 0 20
0 0 1 0 0 0 20
0 0 1 1 0 0 20
0 1 0 0 0 0 20
0 1 0 1 0 0 20
0 1 1 0 0 0 20
0 1 1 1 0 0 24
0 2 0 0 0 0 33
0 2 0 1 0 0 38
0 2 1 0 0 0 33
0 2 1 1 0 0 38
0 3 0 0 0 0 33
0 3 0 1 0 0 38
0 3 1 0 0 0 33
0 3 1 1 0 0 38
0 4 0 0 0 0 46
0 4 0 1 0 0 51
0 4 1 0 0 0 46
0 4 1 1 0 0 51
0 5 0 0 0 0 46
0 5 0 1 0 0 51
0 5 1 0 0 0 46
0 5 1 1 0 0 51
0 6 0 0 0 0 49
0 6 0 1 0 0 54
0 6 1 0 0 0 54
0 6 1 1 0 0 59
0 7 0 0 0 0 58
0 7 0 1 0 0 63
0 7 1 0 0 0 58
0 7 1 1 0 0 63
0 8 0 0 0 0 62
0 8 0 1 0 0 67
0 8 1 0 0 0 67
0 8 1 1 0 0 72
0 9 0 0 0 0 66
0 9 0 1 0 0 71
0 9 1 0 0 0 71
0 9 1 1 0 0 76
0 10 0 0 0 0 70
0 10 0 1 0 0 75
0 10 1 0 0 0 71
0 10 1 1 0 0 76
0 11 0 0 0 0 74
0 11 0 1 0 0 84
0 11 1 0 0 0 79
0 11 1 1 0 0 122
0 12 0 0 0 0 120
0 12 0 1 0 0 121
0 12 1 0 0 0 121
0 12 1 1 0 0 122
0 13 0 0 0 0 120
0 13 0 1 0 0 121
0 13 1 0 0 0 121
0 13 1 1 0 0 122
0 14 0 0 0 0 120
0 14 0 1 0 0 121
0 14 1 0 0 0 121
0 14 1 1 0 0 122
0 15 0 0 0 0 120
0 15 0 1 0 0 121
0 15 1 0 0 0 121
0 15 1 1 0 0 122
0 16 0 0 0 0 120
0 16 0 1 0 0 121
0 16 1 0 0 0 121
0 16 1 1 0 0 122
0 17 0 0 0 0 120
0 17 0 1 0 0 121
0 17 1 0 0 0 121
0 17 1 1 0 0 122
0 18 0 0 0 0 120
0 18 0 1 0 0 121
0 18 1 0 0 0 121
0 18 1 1 0 0 122
0 19 0 0 0 0 120
0 19 0 1 0 0 121
0 19 1 0 0 0 121
0 19 1 1 0 0 122
0 20 0 0 0 0 120
0 20 0 1 0 0 121
0 20 1 0 0 0 121
0 20 1 1 0 0 122
0 21 0 0 0 0 120
0 21 0 1 0 0 121
0 21 1 0 0 0 121
0 21 1 1 0 0 122
0 22 0 0 0 0 120
0 22 0 1 0 0 121
0 22 1 0 0 0 121
0 22 1 1 0 0 122
0 23 0 0 0 0 120
0 23 0 1 0 0 121
0 23 1 0 0 0 121
0 23 1 1 0 0 122
0 24 0 0 0 0 120
0 24 0 1 0 0 121
0 24 1 0 0 0 121
0 24 1 1 0 0 122
0 25 0 0 0 0 120
0 25 0 1 0 0 121
0 25 1 0 0 0 121
0 25 1 1 0 0 122
0 26 0 0 0 0 120
0 26 0 1 0 0 121
0 26 1 0 0 0 121
0 26 1 1 0 0 122
0 27 0 0 0 0 120
0 27 0 1 0 0 121
0 27 1 0 0 0 121
0 27 1 1 0 0 122
0 28 0 0 0 0 120
0 28 0 1 0 0 121
0 28 1 0 0 0 121
0 28 1 1 0 0 122
0 29 0 0 0 0 120
0 29 0 1 0 0 121
0 29 1 0 0 0 121
0 29 1 1 0 0 122
0 30 0 0 0 0 120
0 30 0 1 0 0 121
0 30 1 0 0 0 121
0 30 1 1 0 0 122
0 31 0 0 0 0 120
0 31 0 1 0 0 121
0 31 1 0 0 0 121
0 31 1 1 0 0 122
0 32 0 0 0 0 120
0 32 0 1 0 0 121
0 32 1 0 0 0 121
0 32 1 1 0 0 122
0 33 0 0 0 0 120
0 33 0 1 0 0 121
0 33 1 0 0 0 121
0 33 1 1 0 0 122
0 34 0 0 0 0 120
0 34 0 1 0 0 121
0 34 1 0 0 0 121
0 34 1 1 0 0 122
0 35 0 0 0 0 120
0 35 0 1 0 0 121
0 35 1 0 0 0 121
0 35 1 1 0 0 122
0 36 0 0 0 0 120
0 36 0 1 0 0 121
0 36 1 0 0 0 121
0 36 1 1 0 0 122
0 37 0 0 0 0 120
0 37 0 1 0 0 121
0 37 1 0 0 0 121
0 37 1 1 0 0 122
0 38 0 0 0 0 120
0 38 0 1 0 0 121
0 38 1 0 0 0 121
0 38 1 1 0 0 122
0 39 0 0 0 0 120
0 39 0 1 0 0 121
0 39 1 0 0 0 121
0 39 1 1 0 0 122
0 40 0 0 0 0 120
0 40 0 1 0 0 121
0 40 1 0 0 0 121
0 40 1 1 0 0 122
