UB7 492
0 0 0 0 0 0 20
0 0 0 1 0 0 20
0 0 1 0 0 0 20
0 0 1 1 0 0 20
0 0 2 0 0 0 20
0 0 2 1 0 0 20
0 0 3 0 0 0 20
0 0 3 1 0 0 20
0 0 4 0 0 0 20
0 0 4 1 0 0 20
0 0 5 0 0 0 20
0 0 5 1 0 0 20
0 1 0 0 0 0 20
0 1 0 1 0 0 20
0 1 1 0 0 0 20
0 1 1 1 0 0 24
0 1 2 0 0 0 20
0 1 2 1 0 0 24
0 1 3 0 0 0 20
0 1 3 1 0 0 24
0 1 4 0 0 0 20
0 1 4 1 0 0 24
0 1 5 0 0 0 20
0 1 5 1 0 0 24
0 2 0 0 0 0 33
0 2 0 1 0 0 38
0 2 1 0 0 0 33
0 2 1 1 0 0 38
0 2 2 0 0 0 33
0 2 2 1 0 0 38
0 2 3 0 0 0 33
0 2 3 1 0 0 38
0 2 4 0 0 0 33
0 2 4 1 0 0 38
0 2 5 0 0 0 33
0 2 5 1 0 0 38
0 3 0 0 0 0 33
0 3 0 1 0 0 38
0 3 1 0 0 0 33
0 3 1 1 0 0 38
0 3 2 0 0 0 33
0 3 2 1 0 0 38
0 3 3 0 0 0 33
0 3 3 1 0 0 38
0 3 4 0 0 0 33
0 3 4 1 0 0 38
0 3 5 0 0 0 33
0 3 5 1 0 0 38
0 4 0 0 0 0 46
0 4 0 1 0 0 51
0 4 1 0 0 0 46
0 4 1 1 0 0 51
0 4 2 0 0 0 46
0 4 2 1 0 0 51
0 4 3 0 0 0 46
0 4 3 1 0 0 51
0 4 4 0 0 0 46
0 4 4 1 0 0 51
0 4 5 0 0 0 46
0 4 5 1 0 0 51
0 5 0 0 0 0 46
0 5 0 1 0 0 51
0 5 1 0 0 0 46
0 5 1 1 0 0 51
0 5 2 0 0 0 46
0 5 2 1 0 0 51
0 5 3 0 0 0 46
0 5 3 1 0 0 51
0 5 4 0 0 0 46
0 5 4 1 0 0 51
0 5 5 0 0 0 46
0 5 5 1 0 0 126
0 6 0 0 0 0 120
0 6 0 1 0 0 121
0 6 1 0 0 0 121
0 6 1 1 0 0 122
0 6 2 0 0 0 122
0 6 2 1 0 0 123
0 6 3 0 0 0 123
0 6 3 1 0 0 124
0 6 4 0 0 0 124
0 6 4 1 0 0 125
0 6 5 0 0 0 125
0 6 5 1 0 0 126
0 7 0 0 0 0 120
0 7 0 1 0 0 121
0 7 1 0 0 0 121
0 7 1 1 0 0 122
0 7 2 0 0 0 122
0 7 2 1 0 0 123
0 7 3 0 0 0 123
0 7 3 1 0 0 124
0 7 4 0 0 0 124
0 7 4 1 0 0 125
0 7 5 0 0 0 125
0 7 5 1 0 0 126
0 8 0 0 0 0 120
0 8 0 1 0 0 121
0 8 1 0 0 0 121
0 8 1 1 0 0 122
0 8 2 0 0 0 122
0 8 2 1 0 0 123
0 8 3 0 0 0 123
0 8 3 1 0 0 124
0 8 4 0 0 0 124
0 8 4 1 0 0 125
0 8 5 0 0 0 125
0 8 5 1 0 0 126
0 9 0 0 0 0 120
0 9 0 1 0 0 121
0 9 1 0 0 0 121
0 9 1 1 0 0 122
0 9 2 0 0 0 122
0 9 2 1 0 0 123
0 9 3 0 0 0 123
0 9 3 1 0 0 124
0 9 4 0 0 0 124
0 9 4 1 0 0 125
0 9 5 0 0 0 125
0 9 5 1 0 0 126
0 10 0 0 0 0 120
0 10 0 1 0 0 121
0 10 1 0 0 0 121
0 10 1 1 0 0 122
0 10 2 0 0 0 122
0 10 2 1 0 0 123
0 10 3 0 0 0 123
0 10 3 1 0 0 124
0 10 4 0 0 0 124
0 10 4 1 0 0 125
0 10 5 0 0 0 125
0 10 5 1 0 0 126
0 11 0 0 0 0 120
0 11 0 1 0 0 121
0 11 1 0 0 0 121
0 11 1 1 0 0 122
0 11 2 0 0 0 122
0 11 2 1 0 0 123
0 11 3 0 0 0 123
0 11 3 1 0 0 124
0 11 4 0 0 0 124
0 11 4 1 0 0 125
0 11 5 0 0 0 125
0 11 5 1 0 0 126
0 12 0 0 0 0 120
0 12 0 1 0 0 121
0 12 1 0 0 0 121
0 12 1 1 0 0 122
0 12 2 0 0 0 122
0 12 2 1 0 0 123
0 12 3 0 0 0 123
0 12 3 1 0 0 124
0 12 4 0 0 0 124
0 12 4 1 0 0 125
0 12 5 0 0 0 125
0 12 5 1 0 0 126
0 13 0 0 0 0 120
0 13 0 1 0 0 121
0 13 1 0 0 0 121
0 13 1 1 0 0 122
0 13 2 0 0 0 122
0 13 2 1 0 0 123
0 13 3 0 0 0 123
0 13 3 1 0 0 124
0 13 4 0 0 0 124
0 13 4 1 0 0 125
0 13 5 0 0 0 125
0 13 5 1 0 0 126
0 14 0 0 0 0 120
0 14 0 1 0 0 121
0 14 1 0 0 0 121
0 14 1 1 0 0 122
0 14 2 0 0 0 122
0 14 2 1 0 0 123
0 14 3 0 0 0 123
0 14 3 1 0 0 124
0 14 4 0 0 0 124
0 14 4 1 0 0 125
0 14 5 0 0 0 125
0 14 5 1 0 0 126
0 15 0 0 0 0 120
0 15 0 1 0 0 121
0 15 1 0 0 0 121
0 15 1 1 0 0 122
0 15 2 0 0 0 122
0 15 2 1 0 0 123
0 15 3 0 0 0 123
0 15 3 1 0 0 124
0 15 4 0 0 0 124
0 15 4 1 0 0 125
0 15 5 0 0 0 125
0 15 5 1 0 0 126
0 16 0 0 0 0 120
0 16 0 1 0 0 121
0 16 1 0 0 0 121
0 16 1 1 0 0 122
0 16 2 0 0 0 122
0 16 2 1 0 0 123
0 16 3 0 0 0 123
0 16 3 1 0 0 124
0 16 4 0 0 0 124
0 16 4 1 0 0 125
0 16 5 0 0 0 125
0 16 5 1 0 0 126
0 17 0 0 0 0 120
0 17 0 1 0 0 121
0 17 1 0 0 0 121
0 17 1 1 0 0 122
0 17 2 0 0 0 122
0 17 2 1 0 0 123
0 17 3 0 0 0 123
0 17 3 1 0 0 124
0 17 4 0 0 0 124
0 17 4 1 0 0 125
0 17 5 0 0 0 125
0 17 5 1 0 0 126
0 18 0 0 0 0 120
0 18 0 1 0 0 121
0 18 1 0 0 0 121
0 18 1 1 0 0 122
0 18 2 0 0 0 122
0 18 2 1 0 0 123
0 18 3 0 0 0 123
0 18 3 1 0 0 124
0 18 4 0 0 0 124
0 18 4 1 0 0 125
0 18 5 0 0 0 125
0 18 5 1 0 0 126
0 19 0 0 0 0 120
0 19 0 1 0 0 121
0 19 1 0 0 0 121
0 19 1 1 0 0 122
0 19 2 0 0 0 122
0 19 2 1 0 0 123
0 19 3 0 0 0 123
0 19 3 1 0 0 124
0 19 4 0 0 0 124
0 19 4 1 0 0 125
0 19 5 0 0 0 125
0 19 5 1 0 0 126
0 20 0 0 0 0 120
0 20 0 1 0 0 121
0 20 1 0 0 0 121
0 20 1 1 0 0 122
0 20 2 0 0 0 122
0 20 2 1 0 0 123
0 20 3 0 0 0 123
0 20 3 1 0 0 124
0 20 4 0 0 0 124
0 20 4 1 0 0 125
0 20 5 0 0 0 125
0 20 5 1 0 0 126
0 21 0 0 0 0 120
0 21 0 1 0 0 121
0 21 1 0 0 0 121
0 21 1 1 0 0 122
0 21 2 0 0 0 122
0 21 2 1 0 0 123
0 21 3 0 0 0 123
0 21 3 1 0 0 124
0 21 4 0 0 0 124
0 21 4 1 0 0 125
0 21 5 0 0 0 125
0 21 5 1 0 0 126
0 22 0 0 0 0 120
0 22 0 1 0 0 121
0 22 1 0 0 0 121
0 22 1 1 0 0 122
0 22 2 0 0 0 122
0 22 2 1 0 0 123
0 22 3 0 0 0 123
0 22 3 1 0 0 124
0 22 4 0 0 0 124
0 22 4 1 0 0 125
0 22 5 0 0 0 125
0 22 5 1 0 0 126
0 23 0 0 0 0 120
0 23 0 1 0 0 121
0 23 1 0 0 0 121
0 23 1 1 0 0 122
0 23 2 0 0 0 122
0 23 2 1 0 0 123
0 23 3 0 0 0 123
0 23 3 1 0 0 124
0 23 4 0 0 0 124
0 23 4 1 0 0 125
0 23 5 0 0 0 125
0 23 5 1 0 0 126
0 24 0 0 0 0 120
0 24 0 1 0 0 121
0 24 1 0 0 0 121
0 24 1 1 0 0 122
0 24 2 0 0 0 122
0 24 2 1 0 0 123
0 24 3 0 0 0 123
0 24 3 1 0 0 124
0 24 4 0 0 0 124
0 24 4 1 0 0 125
0 24 5 0 0 0 125
0 24 5 1 0 0 126
0 25 0 0 0 0 120
0 25 0 1 0 0 121
0 25 1 0 0 0 121
0 25 1 1 0 0 122
0 25 2 0 0 0 122
0 25 2 1 0 0 123
0 25 3 0 0 0 123
0 25 3 1 0 0 124
0 25 4 0 0 0 124
0 25 4 1 0 0 125
0 25 5 0 0 0 125
0 25 5 1 0 0 126
0 26 0 0 0 0 120
0 26 0 1 0 0 121
0 26 1 0 0 0 121
0 26 1 1 0 0 122
0 26 2 0 0 0 122
0 26 2 1 0 0 123
0 26 3 0 0 0 123
0 26 3 1 0 0 124
0 26 4 0 0 0 124
0 26 4 1 0 0 125
0 26 5 0 0 0 125
0 26 5 1 0 0 126
0 27 0 0 0 0 120
0 27 0 1 0 0 121
0 27 1 0 0 0 121
0 27 1 1 0 0 122
0 27 2 0 0 0 122
0 27 2 1 0 0 123
0 27 3 0 0 0 123
0 27 3 1 0 0 124
0 27 4 0 0 0 124
0 27 4 1 0 0 125
0 27 5 0 0 0 125
0 27 5 1 0 0 126
0 28 0 0 0 0 120
0 28 0 1 0 0 121
0 28 1 0 0 0 121
0 28 1 1 0 0 122
0 28 2 0 0 0 122
0 28 2 1 0 0 123
0 28 3 0 0 0 123
0 28 3 1 0 0 124
0 28 4 0 0 0 124
0 28 4 1 0 0 125
0 28 5 0 0 0 125
0 28 5 1 0 0 126
0 29 0 0 0 0 120
0 29 0 1 0 0 121
0 29 1 0 0 0 121
0 29 1 1 0 0 122
0 29 2 0 0 0 122
0 29 2 1 0 0 123
0 29 3 0 0 0 123
0 29 3 1 0 0 124
0 29 4 0 0 0 124
0 29 4 1 0 0 125
0 29 5 0 0 0 125
0 29 5 1 0 0 126
0 30 0 0 0 0 120
0 30 0 1 0 0 121
0 30 1 0 0 0 121
0 30 1 1 0 0 122
0 30 2 0 0 0 122
0 30 2 1 0 0 123
0 30 3 0 0 0 123
0 30 3 1 0 0 124
0 30 4 0 0 0 124
0 30 4 1 0 0 125
0 30 5 0 0 0 125
0 30 5 1 0 0 126
0 31 0 0 0 0 120
0 31 0 1 0 0 121
0 31 1 0 0 0 121
0 31 1 1 0 0 122
0 31 2 0 0 0 122
0 31 2 1 0 0 123
0 31 3 0 0 0 123
0 31 3 1 0 0 124
0 31 4 0 0 0 124
0 31 4 1 0 0 125
0 31 5 0 0 0 125
0 31 5 1 0 0 126
0 32 0 0 0 0 120
0 32 0 1 0 0 121
0 32 1 0 0 0 121
0 32 1 1 0 0 122
0 32 2 0 0 0 122
0 32 2 1 0 0 123
0 32 3 0 0 0 123
0 32 3 1 0 0 124
0 32 4 0 0 0 124
0 32 4 1 0 0 125
0 32 5 0 0 0 125
0 32 5 1 0 0 126
0 33 0 0 0 0 120
0 33 0 1 0 0 121
0 33 1 0 0 0 121
0 33 1 1 0 0 122
0 33 2 0 0 0 122
0 33 2 1 0 0 123
0 33 3 0 0 0 123
0 33 3 1 0 0 124
0 33 4 0 0 0 124
0 33 4 1 0 0 125
0 33 5 0 0 0 125
0 33 5 1 0 0 126
0 34 0 0 0 0 120
0 34 0 1 0 0 121
0 34 1 0 0 0 121
0 34 1 1 0 0 122
0 34 2 0 0 0 122
0 34 2 1 0 0 123
0 34 3 0 0 0 123
0 34 3 1 0 0 124
0 34 4 0 0 0 124
0 34 4 1 0 0 125
0 34 5 0 0 0 125
0 34 5 1 0 0 126
0 35 0 0 0 0 120
0 35 0 1 0 0 121
0 35 1 0 0 0 121
0 35 1 1 0 0 122
0 35 2 0 0 0 122
0 35 2 1 0 0 123
0 35 3 0 0 0 123
0 35 3 1 0 0 124
0 35 4 0 0 0 124
0 35 4 1 0 0 125
0 35 5 0 0 0 125
0 35 5 1 0 0 126
0 36 0 0 0 0 120
0 36 0 1 0 0 121
0 36 1 0 0 0 121
0 36 1 1 0 0 122
0 36 2 0 0 0 122
0 36 2 1 0 0 123
0 36 3 0 0 0 123
0 36 3 1 0 0 124
0 36 4 0 0 0 124
0 36 4 1 0 0 125
0 36 5 0 0 0 125
0 36 5 1 0 0 126
0 37 0 0 0 0 120
0 37 0 1 0 0 121
0 37 1 0 0 0 121
0 37 1 1 0 0 122
0 37 2 0 0 0 122
0 37 2 1 0 0 123
0 37 3 0 0 0 123
0 37 3 1 0 0 124
0 37 4 0 0 0 124
0 37 4 1 0 0 125
0 37 5 0 0 0 125
0 37 5 1 0 0 126
0 38 0 0 0 0 120
0 38 0 1 0 0 121
0 38 1 0 0 0 121
0 38 1 1 0 0 122
0 38 2 0 0 0 122
0 38 2 1 0 0 123
0 38 3 0 0 0 123
0 38 3 1 0 0 124
0 38 4 0 0 0 124
0 38 4 1 0 0 125
0 38 5 0 0 0 125
0 38 5 1 0 0 126
0 39 0 0 0 0 120
0 39 0 1 0 0 121
0 39 1 0 0 0 121
0 39 1 1 0 0 122
0 39 2 0 0 0 122
0 39 2 1 0 0 123
0 39 3 0 0 0 123
0 39 3 1 0 0 124
0 39 4 0 0 0 124
0 39 4 1 0 0 125
0 39 5 0 0 0 125
0 39 5 1 0 0 126
0 40 0 0 0 0 120
0 40 0 1 0 0 121
0 40 1 0 0 0 121
0 40 1 1 0 0 122
0 40 2 0 0 0 122
0 40 2 1 0 0 123
0 40 3 0 0 0 123
0 40 3 1 0 0 124
0 40 4 0 0 0 124
0 40 4 1 0 0 125
0 40 5 0 0 0 125
0 40 5 1 0 0 126
