UB7 820
0 0 0 0 0 0 20
0 0 1 0 0 0 20
0 0 2 0 0 0 20
0 0 3 0 0 0 20
0 0 4 0 0 0 20
0 0 5 0 0 0 20
0 0 6 0 0 0 20
0 0 7 0 0 0 20
0 0 8 0 0 0 20
0 0 9 0 0 0 20
0 1 0 0 0 0 20
0 1 1 0 0 0 20
0 1 2 0 0 0 20
0 1 3 0 0 0 20
0 1 4 0 0 0 20
0 1 5 0 0 0 20
0 1 6 0 0 0 20
0 1 7 0 0 0 20
0 1 8 0 0 0 20
0 1 9 0 0 0 20
0 2 0 0 0 0 33
0 2 1 0 0 0 33
0 2 2 0 0 0 33
0 2 3 0 0 0 33
0 2 4 0 0 0 33
0 2 5 0 0 0 33
0 2 6 0 0 0 33
0 2 7 0 0 0 33
0 2 8 0 0 0 33
0 2 9 0 0 0 33
0 3 0 0 0 0 33
0 3 1 0 0 0 33
0 3 2 0 0 0 33
0 3 3 0 0 0 33
0 3 4 0 0 0 33
0 3 5 0 0 0 33
0 3 6 0 0 0 33
0 3 7 0 0 0 33
0 3 8 0 0 0 33
0 3 9 0 0 0 33
0 4 0 0 0 0 46
0 4 1 0 0 0 46
0 4 2 0 0 0 46
0 4 3 0 0 0 46
0 4 4 0 0 0 46
0 4 5 0 0 0 46
0 4 6 0 0 0 46
0 4 7 0 0 0 46
0 4 8 0 0 0 46
0 4 9 0 0 0 46
0 5 0 0 0 0 46
0 5 1 0 0 0 46
0 5 2 0 0 0 46
0 5 3 0 0 0 46
0 5 4 0 0 0 46
0 5 5 0 0 0 46
0 5 6 0 0 0 46
0 5 7 0 0 0 46
0 5 8 0 0 0 46
0 5 9 0 0 0 46
0 6 0 0 0 0 49
0 6 1 0 0 0 54
0 6 2 0 0 0 59
0 6 3 0 0 0 59
0 6 4 0 0 0 59
0 6 5 0 0 0 59
0 6 6 0 0 0 59
0 6 7 0 0 0 59
0 6 8 0 0 0 59
0 6 9 0 0 0 59
0 7 0 0 0 0 58
0 7 1 0 0 0 58
0 7 2 0 0 0 59
0 7 3 0 0 0 59
0 7 4 0 0 0 59
0 7 5 0 0 0 59
0 7 6 0 0 0 59
0 7 7 0 0 0 59
0 7 8 0 0 0 59
0 7 9 0 0 0 59
0 8 0 0 0 0 62
0 8 1 0 0 0 67
0 8 2 0 0 0 72
0 8 3 0 0 0 72
0 8 4 0 0 0 72
0 8 5 0 0 0 72
0 8 6 0 0 0 72
0 8 7 0 0 0 72
0 8 8 0 0 0 72
0 8 9 0 0 0 72
0 9 0 0 0 0 66
0 9 1 0 0 0 71
0 9 2 0 0 0 72
0 9 3 0 0 0 72
0 9 4 0 0 0 72
0 9 5 0 0 0 72
0 9 6 0 0 0 72
0 9 7 0 0 0 72
0 9 8 0 0 0 72
0 9 9 0 0 0 72
0 10 0 0 0 0 70
0 10 1 0 0 0 71
0 10 2 0 0 0 75
0 10 3 0 0 0 75
0 10 4 0 0 0 80
0 10 5 0 0 0 80
0 10 6 0 0 0 80
0 10 7 0 0 0 80
0 10 8 0 0 0 80
0 10 9 0 0 0 80
0 11 0 0 0 0 74
0 11 1 0 0 0 79
0 11 2 0 0 0 84
0 11 3 0 0 0 84
0 11 4 0 0 0 84
0 11 5 0 0 0 84
0 11 6 0 0 0 84
0 11 7 0 0 0 84
0 11 8 0 0 0 84
0 11 9 0 0 0 129
0 12 0 0 0 0 83
0 12 1 0 0 0 83
0 12 2 0 0 0 84
0 12 3 0 0 0 84
0 12 4 0 0 0 84
0 12 5 0 0 0 88
0 12 6 0 0 0 88
0 12 7 0 0 0 88
0 12 8 0 0 0 88
0 12 9 0 0 0 129
0 13 0 0 0 0 83
0 13 1 0 0 0 83
0 13 2 0 0 0 87
0 13 3 0 0 0 87
0 13 4 0 0 0 92
0 13 5 0 0 0 92
0 13 6 0 0 0 92
0 13 7 0 0 0 127
0 13 8 0 0 0 128
0 13 9 0 0 0 129
0 14 0 0 0 0 96
0 14 1 0 0 0 96
0 14 2 0 0 0 96
0 14 3 0 0 0 96
0 14 4 0 0 0 96
0 14 5 0 0 0 96
0 14 6 0 0 0 96
0 14 7 0 0 0 127
0 14 8 0 0 0 128
0 14 9 0 0 0 129
0 15 0 0 0 0 96
0 15 1 0 0 0 96
0 15 2 0 0 0 96
0 15 3 0 0 0 96
0 15 4 0 0 0 96
0 15 5 0 0 0 125
0 15 6 0 0 0 126
0 15 7 0 0 0 127
0 15 8 0 0 0 128
0 15 9 0 0 0 129
0 16 0 0 0 0 96
0 16 1 0 0 0 96
0 16 2 0 0 0 99
0 16 3 0 0 0 99
0 16 4 0 0 0 104
0 16 5 0 0 0 125
0 16 6 0 0 0 126
0 16 7 0 0 0 127
0 16 8 0 0 0 128
0 16 9 0 0 0 129
0 17 0 0 0 0 103
0 17 1 0 0 0 103
0 17 2 0 0 0 103
0 17 3 0 0 0 123
0 17 4 0 0 0 124
0 17 5 0 0 0 125
0 17 6 0 0 0 126
0 17 7 0 0 0 127
0 17 8 0 0 0 128
0 17 9 0 0 0 129
0 18 0 0 0 0 103
0 18 1 0 0 0 107
0 18 2 0 0 0 107
0 18 3 0 0 0 123
0 18 4 0 0 0 124
0 18 5 0 0 0 125
0 18 6 0 0 0 126
0 18 7 0 0 0 127
0 18 8 0 0 0 128
0 18 9 0 0 0 129
0 19 0 0 0 0 120
0 19 1 0 0 0 121
0 19 2 0 0 0 122
0 19 3 0 0 0 123
0 19 4 0 0 0 124
0 19 5 0 0 0 125
0 19 6 0 0 0 126
0 19 7 0 0 0 127
0 19 8 0 0 0 128
0 19 9 0 0 0 129
0 20 0 0 0 0 120
0 20 1 0 0 0 121
0 20 2 0 0 0 122
0 20 3 0 0 0 123
0 20 4 0 0 0 124
0 20 5 0 0 0 125
0 20 6 0 0 0 126
0 20 7 0 0 0 127
0 20 8 0 0 0 128
0 20 9 0 0 0 129
0 21 0 0 0 0 120
0 21 1 0 0 0 121
0 21 2 0 0 0 122
0 21 3 0 0 0 123
0 21 4 0 0 0 124
0 21 5 0 0 0 125
0 21 6 0 0 0 126
0 21 7 0 0 0 127
0 21 8 0 0 0 128
0 21 9 0 0 0 129
0 22 0 0 0 0 120
0 22 1 0 0 0 121
0 22 2 0 0 0 122
0 22 3 0 0 0 123
0 22 4 0 0 0 124
0 22 5 0 0 0 125
0 22 6 0 0 0 126
0 22 7 0 0 0 127
0 22 8 0 0 0 128
0 22 9 0 0 0 129
0 23 0 0 0 0 120
0 23 1 0 0 0 121
0 23 2 0 0 0 122
0 23 3 0 0 0 123
0 23 4 0 0 0 124
0 23 5 0 0 0 125
0 23 6 0 0 0 126
0 23 7 0 0 0 127
0 23 8 0 0 0 128
0 23 9 0 0 0 129
0 24 0 0 0 0 120
0 24 1 0 0 0 121
0 24 2 0 0 0 122
0 24 3 0 0 0 123
0 24 4 0 0 0 124
0 24 5 0 0 0 125
0 24 6 0 0 0 126
0 24 7 0 0 0 127
0 24 8 0 0 0 128
0 24 9 0 0 0 129
0 25 0 0 0 0 120
0 25 1 0 0 0 121
0 25 2 0 0 0 122
0 25 3 0 0 0 123
0 25 4 0 0 0 124
0 25 5 0 0 0 125
0 25 6 0 0 0 126
0 25 7 0 0 0 127
0 25 8 0 0 0 128
0 25 9 0 0 0 129
0 26 0 0 0 0 120
0 26 1 0 0 0 121
0 26 2 0 0 0 122
0 26 3 0 0 0 123
0 26 4 0 0 0 124
0 26 5 0 0 0 125
0 26 6 0 0 0 126
0 26 7 0 0 0 127
0 26 8 0 0 0 128
0 26 9 0 0 0 129
0 27 0 0 0 0 120
0 27 1 0 0 0 121
0 27 2 0 0 0 122
0 27 3 0 0 0 123
0 27 4 0 0 0 124
0 27 5 0 0 0 125
0 27 6 0 0 0 126
0 27 7 0 0 0 127
0 27 8 0 0 0 128
0 27 9 0 0 0 129
0 28 0 0 0 0 120
0 28 1 0 0 0 121
0 28 2 0 0 0 122
0 28 3 0 0 0 123
0 28 4 0 0 0 124
0 28 5 0 0 0 125
0 28 6 0 0 0 126
0 28 7 0 0 0 127
0 28 8 0 0 0 128
0 28 9 0 0 0 129
0 29 0 0 0 0 120
0 29 1 0 0 0 121
0 29 2 0 0 0 122
0 29 3 0 0 0 123
0 29 4 0 0 0 124
0 29 5 0 0 0 125
0 29 6 0 0 0 126
0 29 7 0 0 0 127
0 29 8 0 0 0 128
0 29 9 0 0 0 129
0 30 0 0 0 0 120
0 30 1 0 0 0 121
0 30 2 0 0 0 122
0 30 3 0 0 0 123
0 30 4 0 0 0 124
0 30 5 0 0 0 125
0 30 6 0 0 0 126
0 30 7 0 0 0 127
0 30 8 0 0 0 128
0 30 9 0 0 0 129
0 31 0 0 0 0 120
0 31 1 0 0 0 121
0 31 2 0 0 0 122
0 31 3 0 0 0 123
0 31 4 0 0 0 124
0 31 5 0 0 0 125
0 31 6 0 0 0 126
0 31 7 0 0 0 127
0 31 8 0 0 0 128
0 31 9 0 0 0 129
0 32 0 0 0 0 120
0 32 1 0 0 0 121
0 32 2 0 0 0 122
0 32 3 0 0 0 123
0 32 4 0 0 0 124
0 32 5 0 0 0 125
0 32 6 0 0 0 126
0 32 7 0 0 0 127
0 32 8 0 0 0 128
0 32 9 0 0 0 129
0 33 0 0 0 0 120
0 33 1 0 0 0 121
0 33 2 0 0 0 122
0 33 3 0 0 0 123
0 33 4 0 0 0 124
0 33 5 0 0 0 125
0 33 6 0 0 0 126
0 33 7 0 0 0 127
0 33 8 0 0 0 128
0 33 9 0 0 0 129
0 34 0 0 0 0 120
0 34 1 0 0 0 121
0 34 2 0 0 0 122
0 34 3 0 0 0 123
0 34 4 0 0 0 124
0 34 5 0 0 0 125
0 34 6 0 0 0 126
0 34 7 0 0 0 127
0 34 8 0 0 0 128
0 34 9 0 0 0 129
0 35 0 0 0 0 120
0 35 1 0 0 0 121
0 35 2 0 0 0 122
0 35 3 0 0 0 123
0 35 4 0 0 0 124
0 35 5 0 0 0 125
0 35 6 0 0 0 126
0 35 7 0 0 0 127
0 35 8 0 0 0 128
0 35 9 0 0 0 129
0 36 0 0 0 0 120
0 36 1 0 0 0 121
0 36 2 0 0 0 122
0 36 3 0 0 0 123
0 36 4 0 0 0 124
0 36 5 0 0 0 125
0 36 6 0 0 0 126
0 36 7 0 0 0 127
0 36 8 0 0 0 128
0 36 9 0 0 0 129
0 37 0 0 0 0 120
0 37 1 0 0 0 121
0 37 2 0 0 0 122
0 37 3 0 0 0 123
0 37 4 0 0 0 124
0 37 5 0 0 0 125
0 37 6 0 0 0 126
0 37 7 0 0 0 127
0 37 8 0 0 0 128
0 37 9 0 0 0 129
0 38 0 0 0 0 120
0 38 1 0 0 0 121
0 38 2 0 0 0 122
0 38 3 0 0 0 123
0 38 4 0 0 0 124
0 38 5 0 0 0 125
0 38 6 0 0 0 126
0 38 7 0 0 0 127
0 38 8 0 0 0 128
0 38 9 0 0 0 129
0 39 0 0 0 0 120
0 39 1 0 0 0 121
0 39 2 0 0 0 122
0 39 3 0 0 0 123
0 39 4 0 0 0 124
0 39 5 0 0 0 125
0 39 6 0 0 0 126
0 39 7 0 0 0 127
0 39 8 0 0 0 128
0 39 9 0 0 0 129
0 40 0 0 0 0 120
0 40 1 0 0 0 121
0 40 2 0 0 0 122
0 40 3 0 0 0 123
0 40 4 0 0 0 124
0 40 5 0 0 0 125
0 40 6 0 0 0 126
0 40 7 0 0 0 127
0 40 8 0 0 0 128
0 40 9 0 0 0 129
1 0 0 0 0 0 35
1 0 1 0 0 0 35
1 0 2 0 0 0 35
1 0 3 0 0 0 35
1 0 4 0 0 0 35
1 0 5 0 0 0 35
1 0 6 0 0 0 35
1 0 7 0 0 0 35
1 0 8 0 0 0 35
1 0 9 0 0 0 35
1 1 0 0 0 0 35
1 1 1 0 0 0 35
1 1 2 0 0 0 35
1 1 3 0 0 0 35
1 1 4 0 0 0 35
1 1 5 0 0 0 35
1 1 6 0 0 0 35
1 1 7 0 0 0 35
1 1 8 0 0 0 35
1 1 9 0 0 0 129
1 2 0 0 0 0 120
1 2 1 0 0 0 121
1 2 2 0 0 0 122
1 2 3 0 0 0 123
1 2 4 0 0 0 124
1 2 5 0 0 0 125
1 2 6 0 0 0 126
1 2 7 0 0 0 127
1 2 8 0 0 0 128
1 2 9 0 0 0 129
1 3 0 0 0 0 120
1 3 1 0 0 0 121
1 3 2 0 0 0 122
1 3 3 0 0 0 123
1 3 4 0 0 0 124
1 3 5 0 0 0 125
1 3 6 0 0 0 126
1 3 7 0 0 0 127
1 3 8 0 0 0 128
1 3 9 0 0 0 129
1 4 0 0 0 0 120
1 4 1 0 0 0 121
1 4 2 0 0 0 122
1 4 3 0 0 0 123
1 4 4 0 0 0 124
1 4 5 0 0 0 125
1 4 6 0 0 0 126
1 4 7 0 0 0 127
1 4 8 0 0 0 128
1 4 9 0 0 0 129
1 5 0 0 0 0 120
1 5 1 0 0 0 121
1 5 2 0 0 0 122
1 5 3 0 0 0 123
1 5 4 0 0 0 124
1 5 5 0 0 0 125
1 5 6 0 0 0 126
1 5 7 0 0 0 127
1 5 8 0 0 0 128
1 5 9 0 0 0 129
1 6 0 0 0 0 120
1 6 1 0 0 0 121
1 6 2 0 0 0 122
1 6 3 0 0 0 123
1 6 4 0 0 0 124
1 6 5 0 0 0 125
1 6 6 0 0 0 126
1 6 7 0 0 0 127
1 6 8 0 0 0 128
1 6 9 0 0 0 129
1 7 0 0 0 0 120
1 7 1 0 0 0 121
1 7 2 0 0 0 122
1 7 3 0 0 0 123
1 7 4 0 0 0 124
1 7 5 0 0 0 125
1 7 6 0 0 0 126
1 7 7 0 0 0 127
1 7 8 0 0 0 128
1 7 9 0 0 0 129
1 8 0 0 0 0 120
1 8 1 0 0 0 121
1 8 2 0 0 0 122
1 8 3 0 0 0 123
1 8 4 0 0 0 124
1 8 5 0 0 0 125
1 8 6 0 0 0 126
1 8 7 0 0 0 127
1 8 8 0 0 0 128
1 8 9 0 0 0 129
1 9 0 0 0 0 120
1 9 1 0 0 0 121
1 9 2 0 0 0 122
1 9 3 0 0 0 123
1 9 4 0 0 0 124
1 9 5 0 0 0 125
1 9 6 0 0 0 126
1 9 7 0 0 0 127
1 9 8 0 0 0 128
1 9 9 0 0 0 129
1 10 0 0 0 0 120
1 10 1 0 0 0 121
1 10 2 0 0 0 122
1 10 3 0 0 0 123
1 10 4 0 0 0 124
1 10 5 0 0 0 125
1 10 6 0 0 0 126
1 10 7 0 0 0 127
1 10 8 0 0 0 128
1 10 9 0 0 0 129
1 11 0 0 0 0 120
1 11 1 0 0 0 121
1 11 2 0 0 0 122
1 11 3 0 0 0 123
1 11 4 0 0 0 124
1 11 5 0 0 0 125
1 11 6 0 0 0 126
1 11 7 0 0 0 127
1 11 8 0 0 0 128
1 11 9 0 0 0 129
1 12 0 0 0 0 120
1 12 1 0 0 0 121
1 12 2 0 0 0 122
1 12 3 0 0 0 123
1 12 4 0 0 0 124
1 12 5 0 0 0 125
1 12 6 0 0 0 126
1 12 7 0 0 0 127
1 12 8 0 0 0 128
1 12 9 0 0 0 129
1 13 0 0 0 0 120
1 13 1 0 0 0 121
1 13 2 0 0 0 122
1 13 3 0 0 0 123
1 13 4 0 0 0 124
1 13 5 0 0 0 125
1 13 6 0 0 0 126
1 13 7 0 0 0 127
1 13 8 0 0 0 128
1 13 9 0 0 0 129
1 14 0 0 0 0 120
1 14 1 0 0 0 121
1 14 2 0 0 0 122
1 14 3 0 0 0 123
1 14 4 0 0 0 124
1 14 5 0 0 0 125
1 14 6 0 0 0 126
1 14 7 0 0 0 127
1 14 8 0 0 0 128
1 14 9 0 0 0 129
1 15 0 0 0 0 120
1 15 1 0 0 0 121
1 15 2 0 0 0 122
1 15 3 0 0 0 123
1 15 4 0 0 0 124
1 15 5 0 0 0 125
1 15 6 0 0 0 126
1 15 7 0 0 0 127
1 15 8 0 0 0 128
1 15 9 0 0 0 129
1 16 0 0 0 0 120
1 16 1 0 0 0 121
1 16 2 0 0 0 122
1 16 3 0 0 0 123
1 16 4 0 0 0 124
1 16 5 0 0 0 125
1 16 6 0 0 0 126
1 16 7 0 0 0 127
1 16 8 0 0 0 128
1 16 9 0 0 0 129
1 17 0 0 0 0 120
1 17 1 0 0 0 121
1 17 2 0 0 0 122
1 17 3 0 0 0 123
1 17 4 0 0 0 124
1 17 5 0 0 0 125
1 17 6 0 0 0 126
1 17 7 0 0 0 127
1 17 8 0 0 0 128
1 17 9 0 0 0 129
1 18 0 0 0 0 120
1 18 1 0 0 0 121
1 18 2 0 0 0 122
1 18 3 0 0 0 123
1 18 4 0 0 0 124
1 18 5 0 0 0 125
1 18 6 0 0 0 126
1 18 7 0 0 0 127
1 18 8 0 0 0 128
1 18 9 0 0 0 129
1 19 0 0 0 0 120
1 19 1 0 0 0 121
1 19 2 0 0 0 122
1 19 3 0 0 0 123
1 19 4 0 0 0 124
1 19 5 0 0 0 125
1 19 6 0 0 0 126
1 19 7 0 0 0 127
1 19 8 0 0 0 128
1 19 9 0 0 0 129
1 20 0 0 0 0 120
1 20 1 0 0 0 121
1 20 2 0 0 0 122
1 20 3 0 0 0 123
1 20 4 0 0 0 124
1 20 5 0 0 0 125
1 20 6 0 0 0 126
1 20 7 0 0 0 127
1 20 8 0 0 0 128
1 20 9 0 0 0 129
1 21 0 0 0 0 120
1 21 1 0 0 0 121
1 21 2 0 0 0 122
1 21 3 0 0 0 123
1 21 4 0 0 0 124
1 21 5 0 0 0 125
1 21 6 0 0 0 126
1 21 7 0 0 0 127
1 21 8 0 0 0 128
1 21 9 0 0 0 129
1 22 0 0 0 0 120
1 22 1 0 0 0 121
1 22 2 0 0 0 122
1 22 3 0 0 0 123
1 22 4 0 0 0 124
1 22 5 0 0 0 125
1 22 6 0 0 0 126
1 22 7 0 0 0 127
1 22 8 0 0 0 128
1 22 9 0 0 0 129
1 23 0 0 0 0 120
1 23 1 0 0 0 121
1 23 2 0 0 0 122
1 23 3 0 0 0 123
1 23 4 0 0 0 124
1 23 5 0 0 0 125
1 23 6 0 0 0 126
1 23 7 0 0 0 127
1 23 8 0 0 0 128
1 23 9 0 0 0 129
1 24 0 0 0 0 120
1 24 1 0 0 0 121
1 24 2 0 0 0 122
1 24 3 0 0 0 123
1 24 4 0 0 0 124
1 24 5 0 0 0 125
1 24 6 0 0 0 126
1 24 7 0 0 0 127
1 24 8 0 0 0 128
1 24 9 0 0 0 129
1 25 0 0 0 0 120
1 25 1 0 0 0 121
1 25 2 0 0 0 122
1 25 3 0 0 0 123
1 25 4 0 0 0 124
1 25 5 0 0 0 125
1 25 6 0 0 0 126
1 25 7 0 0 0 127
1 25 8 0 0 0 128
1 25 9 0 0 0 129
1 26 0 0 0 0 120
1 26 1 0 0 0 121
1 26 2 0 0 0 122
1 26 3 0 0 0 123
1 26 4 0 0 0 124
1 26 5 0 0 0 125
1 26 6 0 0 0 126
1 26 7 0 0 0 127
1 26 8 0 0 0 128
1 26 9 0 0 0 129
1 27 0 0 0 0 120
1 27 1 0 0 0 121
1 27 2 0 0 0 122
1 27 3 0 0 0 123
1 27 4 0 0 0 124
1 27 5 0 0 0 125
1 27 6 0 0 0 126
1 27 7 0 0 0 127
1 27 8 0 0 0 128
1 27 9 0 0 0 129
1 28 0 0 0 0 120
1 28 1 0 0 0 121
1 28 2 0 0 0 122
1 28 3 0 0 0 123
1 28 4 0 0 0 124
1 28 5 0 0 0 125
1 28 6 0 0 0 126
1 28 7 0 0 0 127
1 28 8 0 0 0 128
1 28 9 0 0 0 129
1 29 0 0 0 0 120
1 29 1 0 0 0 121
1 29 2 0 0 0 122
1 29 3 0 0 0 123
1 29 4 0 0 0 124
1 29 5 0 0 0 125
1 29 6 0 0 0 126
1 29 7 0 0 0 127
1 29 8 0 0 0 128
1 29 9 0 0 0 129
1 30 0 0 0 0 120
1 30 1 0 0 0 121
1 30 2 0 0 0 122
1 30 3 0 0 0 123
1 30 4 0 0 0 124
1 30 5 0 0 0 125
1 30 6 0 0 0 126
1 30 7 0 0 0 127
1 30 8 0 0 0 128
1 30 9 0 0 0 129
1 31 0 0 0 0 120
1 31 1 0 0 0 121
1 31 2 0 0 0 122
1 31 3 0 0 0 123
1 31 4 0 0 0 124
1 31 5 0 0 0 125
1 31 6 0 0 0 126
1 31 7 0 0 0 127
1 31 8 0 0 0 128
1 31 9 0 0 0 129
1 32 0 0 0 0 120
1 32 1 0 0 0 121
1 32 2 0 0 0 122
1 32 3 0 0 0 123
1 32 4 0 0 0 124
1 32 5 0 0 0 125
1 32 6 0 0 0 126
1 32 7 0 0 0 127
1 32 8 0 0 0 128
1 32 9 0 0 0 129
1 33 0 0 0 0 120
1 33 1 0 0 0 121
1 33 2 0 0 0 122
1 33 3 0 0 0 123
1 33 4 0 0 0 124
1 33 5 0 0 0 125
1 33 6 0 0 0 126
1 33 7 0 0 0 127
1 33 8 0 0 0 128
1 33 9 0 0 0 129
1 34 0 0 0 0 120
1 34 1 0 0 0 121
1 34 2 0 0 0 122
1 34 3 0 0 0 123
1 34 4 0 0 0 124
1 34 5 0 0 0 125
1 34 6 0 0 0 126
1 34 7 0 0 0 127
1 34 8 0 0 0 128
1 34 9 0 0 0 129
1 35 0 0 0 0 120
1 35 1 0 0 0 121
1 35 2 0 0 0 122
1 35 3 0 0 0 123
1 35 4 0 0 0 124
1 35 5 0 0 0 125
1 35 6 0 0 0 126
1 35 7 0 0 0 127
1 35 8 0 0 0 128
1 35 9 0 0 0 129
1 36 0 0 0 0 120
1 36 1 0 0 0 121
1 36 2 0 0 0 122
1 36 3 0 0 0 123
1 36 4 0 0 0 124
1 36 5 0 0 0 125
1 36 6 0 0 0 126
1 36 7 0 0 0 127
1 36 8 0 0 0 128
1 36 9 0 0 0 129
1 37 0 0 0 0 120
1 37 1 0 0 0 121
1 37 2 0 0 0 122
1 37 3 0 0 0 123
1 37 4 0 0 0 124
1 37 5 0 0 0 125
1 37 6 0 0 0 126
1 37 7 0 0 0 127
1 37 8 0 0 0 128
1 37 9 0 0 0 129
1 38 0 0 0 0 120
1 38 1 0 0 0 121
1 38 2 0 0 0 122
1 38 3 0 0 0 123
1 38 4 0 0 0 124
1 38 5 0 0 0 125
1 38 6 0 0 0 126
1 38 7 0 0 0 127
1 38 8 0 0 0 128
1 38 9 0 0 0 129
1 39 0 0 0 0 120
1 39 1 0 0 0 121
1 39 2 0 0 0 122
1 39 3 0 0 0 123
1 39 4 0 0 0 124
1 39 5 0 0 0 125
1 39 6 0 0 0 126
1 39 7 0 0 0 127
1 39 8 0 0 0 128
1 39 9 0 0 0 129
1 40 0 0 0 0 120
1 40 1 0 0 0 121
1 40 2 0 0 0 122
1 40 3 0 0 0 123
1 40 4 0 0 0 124
1 40 5 0 0 0 125
1 40 6 0 0 0 126
1 40 7 0 0 0 127
1 40 8 0 0 0 128
1 40 9 0 0 0 129
