UB7 246
0 0 0 0 0 0 20
0 0 0 0 1 0 20
0 1 0 0 0 0 20
0 1 0 0 1 0 20
0 2 0 0 0 0 33
0 2 0 0 1 0 33
0 3 0 0 0 0 33
0 3 0 0 1 0 37
0 4 0 0 0 0 46
0 4 0 0 1 0 46
0 5 0 0 0 0 46
0 5 0 0 1 0 50
0 6 0 0 0 0 49
0 6 0 0 1 0 50
0 7 0 0 0 0 58
0 7 0 0 1 0 58
0 8 0 0 0 0 62
0 8 0 0 1 0 62
0 9 0 0 0 0 66
0 9 0 0 1 0 66
0 10 0 0 0 0 70
0 10 0 0 1 0 70
0 11 0 0 0 0 74
0 11 0 0 1 0 74
0 12 0 0 0 0 83
0 12 0 0 1 0 83
0 13 0 0 0 0 83
0 13 0 0 1 0 87
0 14 0 0 0 0 96
0 14 0 0 1 0 121
0 15 0 0 0 0 96
0 15 0 0 1 0 121
0 16 0 0 0 0 96
0 16 0 0 1 0 121
0 17 0 0 0 0 103
0 17 0 0 1 0 121
0 18 0 0 0 0 103
0 18 0 0 1 0 121
0 19 0 0 0 0 120
0 19 0 0 1 0 121
0 20 0 0 0 0 120
0 20 0 0 1 0 121
0 21 0 0 0 0 120
0 21 0 0 1 0 121
0 22 0 0 0 0 120
0 22 0 0 1 0 121
0 23 0 0 0 0 120
0 23 0 0 1 0 121
0 24 0 0 0 0 120
0 24 0 0 1 0 121
0 25 0 0 0 0 120
0 25 0 0 1 0 121
0 26 0 0 0 0 120
0 26 0 0 1 0 121
0 27 0 0 0 0 120
0 27 0 0 1 0 121
0 28 0 0 0 0 120
0 28 0 0 1 0 121
0 29 0 0 0 0 120
0 29 0 0 1 0 121
0 30 0 0 0 0 120
0 30 0 0 1 0 121
0 31 0 0 0 0 120
0 31 0 0 1 0 121
0 32 0 0 0 0 120
0 32 0 0 1 0 121
0 33 0 0 0 0 120
0 33 0 0 1 0 121
0 34 0 0 0 0 120
0 34 0 0 1 0 121
0 35 0 0 0 0 120
0 35 0 0 1 0 121
0 36 0 0 0 0 120
0 36 0 0 1 0 121
0 37 0 0 0 0 120
0 37 0 0 1 0 121
0 38 0 0 0 0 120
0 38 0 0 1 0 121
0 39 0 0 0 0 120
0 39 0 0 1 0 121
0 40 0 0 0 0 120
0 40 0 0 1 0 121
1 0 0 0 0 0 35
1 0 0 0 1 0 35
1 1 0 0 0 0 35
1 1 0 0 1 0 35
1 2 0 0 0 0 48
1 2 0 0 1 0 48
1 3 0 0 0 0 48
1 3 0 0 1 0 52
1 4 0 0 0 0 61
1 4 0 0 1 0 61
1 5 0 0 0 0 61
1 5 0 0 1 0 65
1 6 0 0 0 0 64
1 6 0 0 1 0 65
1 7 0 0 0 0 73
1 7 0 0 1 0 73
1 8 0 0 0 0 77
1 8 0 0 1 0 77
1 9 0 0 0 0 81
1 9 0 0 1 0 121
1 10 0 0 0 0 85
1 10 0 0 1 0 121
1 11 0 0 0 0 89
1 11 0 0 1 0 121
1 12 0 0 0 0 98
1 12 0 0 1 0 121
1 13 0 0 0 0 98
1 13 0 0 1 0 121
1 14 0 0 0 0 120
1 14 0 0 1 0 121
1 15 0 0 0 0 120
1 15 0 0 1 0 121
1 16 0 0 0 0 120
1 16 0 0 1 0 121
1 17 0 0 0 0 120
1 17 0 0 1 0 121
1 18 0 0 0 0 120
1 18 0 0 1 0 121
1 19 0 0 0 0 120
1 19 0 0 1 0 121
1 20 0 0 0 0 120
1 20 0 0 1 0 121
1 21 0 0 0 0 120
1 21 0 0 1 0 121
1 22 0 0 0 0 120
1 22 0 0 1 0 121
1 23 0 0 0 0 120
1 23 0 0 1 0 121
1 24 0 0 0 0 120
1 24 0 0 1 0 121
1 25 0 0 0 0 120
1 25 0 0 1 0 121
1 26 0 0 0 0 120
1 26 0 0 1 0 121
1 27 0 0 0 0 120
1 27 0 0 1 0 121
1 28 0 0 0 0 120
1 28 0 0 1 0 121
1 29 0 0 0 0 120
1 29 0 0 1 0 121
1 30 0 0 0 0 120
1 30 0 0 1 0 121
1 31 0 0 0 0 120
1 31 0 0 1 0 121
1 32 0 0 0 0 120
1 32 0 0 1 0 121
1 33 0 0 0 0 120
1 33 0 0 1 0 121
1 34 0 0 0 0 120
1 34 0 0 1 0 121
1 35 0 0 0 0 120
1 35 0 0 1 0 121
1 36 0 0 0 0 120
1 36 0 0 1 0 121
1 37 0 0 0 0 120
1 37 0 0 1 0 121
1 38 0 0 0 0 120
1 38 0 0 1 0 121
1 39 0 0 0 0 120
1 39 0 0 1 0 121
1 40 0 0 0 0 120
1 40 0 0 1 0 121
2 0 0 0 0 0 50
2 0 0 0 1 0 50
2 1 0 0 0 0 50
2 1 0 0 1 0 121
2 2 0 0 0 0 120
2 2 0 0 1 0 121
2 3 0 0 0 0 120
2 3 0 0 1 0 121
2 4 0 0 0 0 120
2 4 0 0 1 0 121
2 5 0 0 0 0 120
2 5 0 0 1 0 121
2 6 0 0 0 0 120
2 6 0 0 1 0 121
2 7 0 0 0 0 120
2 7 0 0 1 0 121
2 8 0 0 0 0 120
2 8 0 0 1 0 121
2 9 0 0 0 0 120
2 9 0 0 1 0 121
2 10 0 0 0 0 120
2 10 0 0 1 0 121
2 11 0 0 0 0 120
2 11 0 0 1 0 121
2 12 0 0 0 0 120
2 12 0 0 1 0 121
2 13 0 0 0 0 120
2 13 0 0 1 0 121
2 14 0 0 0 0 120
2 14 0 0 1 0 121
2 15 0 0 0 0 120
2 15 0 0 1 0 121
2 16 0 0 0 0 120
2 16 0 0 1 0 121
2 17 0 0 0 0 120
2 17 0 0 1 0 121
2 18 0 0 0 0 120
2 18 0 0 1 0 121
2 19 0 0 0 0 120
2 19 0 0 1 0 121
2 20 0 0 0 0 120
2 20 0 0 1 0 121
2 21 0 0 0 0 120
2 21 0 0 1 0 121
2 22 0 0 0 0 120
2 22 0 0 1 0 121
2 23 0 0 0 0 120
2 23 0 0 1 0 121
2 24 0 0 0 0 120
2 24 0 0 1 0 121
2 25 0 0 0 0 120
2 25 0 0 1 0 121
2 26 0 0 0 0 120
2 26 0 0 1 0 121
2 27 0 0 0 0 120
2 27 0 0 1 0 121
2 28 0 0 0 0 120
2 28 0 0 1 0 121
2 29 0 0 0 0 120
2 29 0 0 1 0 121
2 30 0 0 0 0 120
2 30 0 0 1 0 121
2 31 0 0 0 0 120
2 31 0 0 1 0 121
2 32 0 0 0 0 120
2 32 0 0 1 0 121
2 33 0 0 0 0 120
2 33 0 0 1 0 121
2 34 0 0 0 0 120
2 34 0 0 1 0 121
2 35 0 0 0 0 120
2 35 0 0 1 0 121
2 36 0 0 0 0 120
2 36 0 0 1 0 121
2 37 0 0 0 0 120
2 37 0 0 1 0 121
2 38 0 0 0 0 120
2 38 0 0 1 0 121
2 39 0 0 0 0 120
2 39 0 0 1 0 121
2 40 0 0 0 0 120
2 40 0 0 1 0 121
