UB7 738
0 0 0 0 0 0 20
0 0 0 1 0 0 20
0 0 1 0 0 0 20
0 0 1 1 0 0 20
0 0 2 0 0 0 20
0 0 2 1 0 0 20
0 1 0 0 0 0 20
0 1 0 1 0 0 20
0 1 1 0 0 0 20
0 1 1 1 0 0 24
0 1 2 0 0 0 20
0 1 2 1 0 0 24
0 2 0 0 0 0 33
0 2 0 1 0 0 38
0 2 1 0 0 0 33
0 2 1 1 0 0 38
0 2 2 0 0 0 33
0 2 2 1 0 0 38
0 3 0 0 0 0 33
0 3 0 1 0 0 38
0 3 1 0 0 0 33
0 3 1 1 0 0 38
0 3 2 0 0 0 33
0 3 2 1 0 0 38
0 4 0 0 0 0 46
0 4 0 1 0 0 51
0 4 1 0 0 0 46
0 4 1 1 0 0 51
0 4 2 0 0 0 46
0 4 2 1 0 0 51
0 5 0 0 0 0 46
0 5 0 1 0 0 51
0 5 1 0 0 0 46
0 5 1 1 0 0 51
0 5 2 0 0 0 46
0 5 2 1 0 0 51
0 6 0 0 0 0 49
0 6 0 1 0 0 54
0 6 1 0 0 0 54
0 6 1 1 0 0 59
0 6 2 0 0 0 59
0 6 2 1 0 0 64
0 7 0 0 0 0 58
0 7 0 1 0 0 63
0 7 1 0 0 0 58
0 7 1 1 0 0 63
0 7 2 0 0 0 59
0 7 2 1 0 0 64
0 8 0 0 0 0 62
0 8 0 1 0 0 67
0 8 1 0 0 0 67
0 8 1 1 0 0 72
0 8 2 0 0 0 72
0 8 2 1 0 0 72
0 9 0 0 0 0 66
0 9 0 1 0 0 71
0 9 1 0 0 0 71
0 9 1 1 0 0 76
0 9 2 0 0 0 72
0 9 2 1 0 0 76
0 10 0 0 0 0 70
0 10 0 1 0 0 75
0 10 1 0 0 0 71
0 10 1 1 0 0 76
0 10 2 0 0 0 75
0 10 2 1 0 0 80
0 11 0 0 0 0 74
0 11 0 1 0 0 84
0 11 1 0 0 0 79
0 11 1 1 0 0 89
0 11 2 0 0 0 84
0 11 2 1 0 0 89
0 12 0 0 0 0 83
0 12 0 1 0 0 88
0 12 1 0 0 0 83
0 12 1 1 0 0 89
0 12 2 0 0 0 84
0 12 2 1 0 0 123
0 13 0 0 0 0 83
0 13 0 1 0 0 92
0 13 1 0 0 0 83
0 13 1 1 0 0 92
0 13 2 0 0 0 87
0 13 2 1 0 0 123
0 14 0 0 0 0 96
0 14 0 1 0 0 121
0 14 1 0 0 0 96
0 14 1 1 0 0 122
0 14 2 0 0 0 96
0 14 2 1 0 0 123
0 15 0 0 0 0 96
0 15 0 1 0 0 121
0 15 1 0 0 0 96
0 15 1 1 0 0 122
0 15 2 0 0 0 96
0 15 2 1 0 0 123
0 16 0 0 0 0 96
0 16 0 1 0 0 121
0 16 1 0 0 0 96
0 16 1 1 0 0 122
0 16 2 0 0 0 99
0 16 2 1 0 0 123
0 17 0 0 0 0 103
0 17 0 1 0 0 121
0 17 1 0 0 0 103
0 17 1 1 0 0 122
0 17 2 0 0 0 103
0 17 2 1 0 0 123
0 18 0 0 0 0 103
0 18 0 1 0 0 121
0 18 1 0 0 0 107
0 18 1 1 0 0 122
0 18 2 0 0 0 107
0 18 2 1 0 0 123
0 19 0 0 0 0 120
0 19 0 1 0 0 121
0 19 1 0 0 0 121
0 19 1 1 0 0 122
0 19 2 0 0 0 122
0 19 2 1 0 0 123
0 20 0 0 0 0 120
0 20 0 1 0 0 121
0 20 1 0 0 0 121
0 20 1 1 0 0 122
0 20 2 0 0 0 122
0 20 2 1 0 0 123
0 21 0 0 0 0 120
0 21 0 1 0 0 121
0 21 1 0 0 0 121
0 21 1 1 0 0 122
0 21 2 0 0 0 122
0 21 2 1 0 0 123
0 22 0 0 0 0 120
0 22 0 1 0 0 121
0 22 1 0 0 0 121
0 22 1 1 0 0 122
0 22 2 0 0 0 122
0 22 2 1 0 0 123
0 23 0 0 0 0 120
0 23 0 1 0 0 121
0 23 1 0 0 0 121
0 23 1 1 0 0 122
0 23 2 0 0 0 122
0 23 2 1 0 0 123
0 24 0 0 0 0 120
0 24 0 1 0 0 121
0 24 1 0 0 0 121
0 24 1 1 0 0 122
0 24 2 0 0 0 122
0 24 2 1 0 0 123
0 25 0 0 0 0 120
0 25 0 1 0 0 121
0 25 1 0 0 0 121
0 25 1 1 0 0 122
0 25 2 0 0 0 122
0 25 2 1 0 0 123
0 26 0 0 0 0 120
0 26 0 1 0 0 121
0 26 1 0 0 0 121
0 26 1 1 0 0 122
0 26 2 0 0 0 122
0 26 2 1 0 0 123
0 27 0 0 0 0 120
0 27 0 1 0 0 121
0 27 1 0 0 0 121
0 27 1 1 0 0 122
0 27 2 0 0 0 122
0 27 2 1 0 0 123
0 28 0 0 0 0 120
0 28 0 1 0 0 121
0 28 1 0 0 0 121
0 28 1 1 0 0 122
0 28 2 0 0 0 122
0 28 2 1 0 0 123
0 29 0 0 0 0 120
0 29 0 1 0 0 121
0 29 1 0 0 0 121
0 29 1 1 0 0 122
0 29 2 0 0 0 122
0 29 2 1 0 0 123
0 30 0 0 0 0 120
0 30 0 1 0 0 121
0 30 1 0 0 0 121
0 30 1 1 0 0 122
0 30 2 0 0 0 122
0 30 2 1 0 0 123
0 31 0 0 0 0 120
0 31 0 1 0 0 121
0 31 1 0 0 0 121
0 31 1 1 0 0 122
0 31 2 0 0 0 122
0 31 2 1 0 0 123
0 32 0 0 0 0 120
0 32 0 1 0 0 121
0 32 1 0 0 0 121
0 32 1 1 0 0 122
0 32 2 0 0 0 122
0 32 2 1 0 0 123
0 33 0 0 0 0 120
0 33 0 1 0 0 121
0 33 1 0 0 0 121
0 33 1 1 0 0 122
0 33 2 0 0 0 122
0 33 2 1 0 0 123
0 34 0 0 0 0 120
0 34 0 1 0 0 121
0 34 1 0 0 0 121
0 34 1 1 0 0 122
0 34 2 0 0 0 122
0 34 2 1 0 0 123
0 35 0 0 0 0 120
0 35 0 1 0 0 121
0 35 1 0 0 0 121
0 35 1 1 0 0 122
0 35 2 0 0 0 122
0 35 2 1 0 0 123
0 36 0 0 0 0 120
0 36 0 1 0 0 121
0 36 1 0 0 0 121
0 36 1 1 0 0 122
0 36 2 0 0 0 122
0 36 2 1 0 0 123
0 37 0 0 0 0 120
0 37 0 1 0 0 121
0 37 1 0 0 0 121
0 37 1 1 0 0 122
0 37 2 0 0 0 122
0 37 2 1 0 0 123
0 38 0 0 0 0 120
0 38 0 1 0 0 121
0 38 1 0 0 0 121
0 38 1 1 0 0 122
0 38 2 0 0 0 122
0 38 2 1 0 0 123
0 39 0 0 0 0 120
0 39 0 1 0 0 121
0 39 1 0 0 0 121
0 39 1 1 0 0 122
0 39 2 0 0 0 122
0 39 2 1 0 0 123
0 40 0 0 0 0 120
0 40 0 1 0 0 121
0 40 1 0 0 0 121
0 40 1 1 0 0 122
0 40 2 0 0 0 122
0 40 2 1 0 0 123
1 0 0 0 0 0 35
1 0 0 1 0 0 35
1 0 1 0 0 0 35
1 0 1 1 0 0 35
1 0 2 0 0 0 35
1 0 2 1 0 0 35
1 1 0 0 0 0 35
1 1 0 1 0 0 35
1 1 1 0 0 0 35
1 1 1 1 0 0 39
1 1 2 0 0 0 35
1 1 2 1 0 0 39
1 2 0 0 0 0 48
1 2 0 1 0 0 53
1 2 1 0 0 0 48
1 2 1 1 0 0 53
1 2 2 0 0 0 48
1 2 2 1 0 0 53
1 3 0 0 0 0 48
1 3 0 1 0 0 53
1 3 1 0 0 0 48
1 3 1 1 0 0 53
1 3 2 0 0 0 48
1 3 2 1 0 0 53
1 4 0 0 0 0 61
1 4 0 1 0 0 66
1 4 1 0 0 0 61
1 4 1 1 0 0 66
1 4 2 0 0 0 61
1 4 2 1 0 0 66
1 5 0 0 0 0 61
1 5 0 1 0 0 66
1 5 1 0 0 0 61
1 5 1 1 0 0 66
1 5 2 0 0 0 61
1 5 2 1 0 0 66
1 6 0 0 0 0 64
1 6 0 1 0 0 69
1 6 1 0 0 0 69
1 6 1 1 0 0 74
1 6 2 0 0 0 74
1 6 2 1 0 0 79
1 7 0 0 0 0 73
1 7 0 1 0 0 78
1 7 1 0 0 0 73
1 7 1 1 0 0 78
1 7 2 0 0 0 74
1 7 2 1 0 0 123
1 8 0 0 0 0 77
1 8 0 1 0 0 82
1 8 1 0 0 0 82
1 8 1 1 0 0 87
1 8 2 0 0 0 87
1 8 2 1 0 0 123
1 9 0 0 0 0 81
1 9 0 1 0 0 121
1 9 1 0 0 0 86
1 9 1 1 0 0 122
1 9 2 0 0 0 87
1 9 2 1 0 0 123
1 10 0 0 0 0 85
1 10 0 1 0 0 121
1 10 1 0 0 0 86
1 10 1 1 0 0 122
1 10 2 0 0 0 90
1 10 2 1 0 0 123
1 11 0 0 0 0 89
1 11 0 1 0 0 121
1 11 1 0 0 0 94
1 11 1 1 0 0 122
1 11 2 0 0 0 99
1 11 2 1 0 0 123
1 12 0 0 0 0 98
1 12 0 1 0 0 121
1 12 1 0 0 0 98
1 12 1 1 0 0 122
1 12 2 0 0 0 99
1 12 2 1 0 0 123
1 13 0 0 0 0 98
1 13 0 1 0 0 121
1 13 1 0 0 0 98
1 13 1 1 0 0 122
1 13 2 0 0 0 102
1 13 2 1 0 0 123
1 14 0 0 0 0 120
1 14 0 1 0 0 121
1 14 1 0 0 0 121
1 14 1 1 0 0 122
1 14 2 0 0 0 122
1 14 2 1 0 0 123
1 15 0 0 0 0 120
1 15 0 1 0 0 121
1 15 1 0 0 0 121
1 15 1 1 0 0 122
1 15 2 0 0 0 122
1 15 2 1 0 0 123
1 16 0 0 0 0 120
1 16 0 1 0 0 121
1 16 1 0 0 0 121
1 16 1 1 0 0 122
1 16 2 0 0 0 122
1 16 2 1 0 0 123
1 17 0 0 0 0 120
1 17 0 1 0 0 121
1 17 1 0 0 0 121
1 17 1 1 0 0 122
1 17 2 0 0 0 122
1 17 2 1 0 0 123
1 18 0 0 0 0 120
1 18 0 1 0 0 121
1 18 1 0 0 0 121
1 18 1 1 0 0 122
1 18 2 0 0 0 122
1 18 2 1 0 0 123
1 19 0 0 0 0 120
1 19 0 1 0 0 121
1 19 1 0 0 0 121
1 19 1 1 0 0 122
1 19 2 0 0 0 122
1 19 2 1 0 0 123
1 20 0 0 0 0 120
1 20 0 1 0 0 121
1 20 1 0 0 0 121
1 20 1 1 0 0 122
1 20 2 0 0 0 122
1 20 2 1 0 0 123
1 21 0 0 0 0 120
1 21 0 1 0 0 121
1 21 1 0 0 0 121
1 21 1 1 0 0 122
1 21 2 0 0 0 122
1 21 2 1 0 0 123
1 22 0 0 0 0 120
1 22 0 1 0 0 121
1 22 1 0 0 0 121
1 22 1 1 0 0 122
1 22 2 0 0 0 122
1 22 2 1 0 0 123
1 23 0 0 0 0 120
1 23 0 1 0 0 121
1 23 1 0 0 0 121
1 23 1 1 0 0 122
1 23 2 0 0 0 122
1 23 2 1 0 0 123
1 24 0 0 0 0 120
1 24 0 1 0 0 121
1 24 1 0 0 0 121
1 24 1 1 0 0 122
1 24 2 0 0 0 122
1 24 2 1 0 0 123
1 25 0 0 0 0 120
1 25 0 1 0 0 121
1 25 1 0 0 0 121
1 25 1 1 0 0 122
1 25 2 0 0 0 122
1 25 2 1 0 0 123
1 26 0 0 0 0 120
1 26 0 1 0 0 121
1 26 1 0 0 0 121
1 26 1 1 0 0 122
1 26 2 0 0 0 122
1 26 2 1 0 0 123
1 27 0 0 0 0 120
1 27 0 1 0 0 121
1 27 1 0 0 0 121
1 27 1 1 0 0 122
1 27 2 0 0 0 122
1 27 2 1 0 0 123
1 28 0 0 0 0 120
1 28 0 1 0 0 121
1 28 1 0 0 0 121
1 28 1 1 0 0 122
1 28 2 0 0 0 122
1 28 2 1 0 0 123
1 29 0 0 0 0 120
1 29 0 1 0 0 121
1 29 1 0 0 0 121
1 29 1 1 0 0 122
1 29 2 0 0 0 122
1 29 2 1 0 0 123
1 30 0 0 0 0 120
1 30 0 1 0 0 121
1 30 1 0 0 0 121
1 30 1 1 0 0 122
1 30 2 0 0 0 122
1 30 2 1 0 0 123
1 31 0 0 0 0 120
1 31 0 1 0 0 121
1 31 1 0 0 0 121
1 31 1 1 0 0 122
1 31 2 0 0 0 122
1 31 2 1 0 0 123
1 32 0 0 0 0 120
1 32 0 1 0 0 121
1 32 1 0 0 0 121
1 32 1 1 0 0 122
1 32 2 0 0 0 122
1 32 2 1 0 0 123
1 33 0 0 0 0 120
1 33 0 1 0 0 121
1 33 1 0 0 0 121
1 33 1 1 0 0 122
1 33 2 0 0 0 122
1 33 2 1 0 0 123
1 34 0 0 0 0 120
1 34 0 1 0 0 121
1 34 1 0 0 0 121
1 34 1 1 0 0 122
1 34 2 0 0 0 122
1 34 2 1 0 0 123
1 35 0 0 0 0 120
1 35 0 1 0 0 121
1 35 1 0 0 0 121
1 35 1 1 0 0 122
1 35 2 0 0 0 122
1 35 2 1 0 0 123
1 36 0 0 0 0 120
1 36 0 1 0 0 121
1 36 1 0 0 0 121
1 36 1 1 0 0 122
1 36 2 0 0 0 122
1 36 2 1 0 0 123
1 37 0 0 0 0 120
1 37 0 1 0 0 121
1 37 1 0 0 0 121
1 37 1 1 0 0 122
1 37 2 0 0 0 122
1 37 2 1 0 0 123
1 38 0 0 0 0 120
1 38 0 1 0 0 121
1 38 1 0 0 0 121
1 38 1 1 0 0 122
1 38 2 0 0 0 122
1 38 2 1 0 0 123
1 39 0 0 0 0 120
1 39 0 1 0 0 121
1 39 1 0 0 0 121
1 39 1 1 0 0 122
1 39 2 0 0 0 122
1 39 2 1 0 0 123
1 40 0 0 0 0 120
1 40 0 1 0 0 121
1 40 1 0 0 0 121
1 40 1 1 0 0 122
1 40 2 0 0 0 122
1 40 2 1 0 0 123
2 0 0 0 0 0 50
2 0 0 1 0 0 50
2 0 1 0 0 0 50
2 0 1 1 0 0 50
2 0 2 0 0 0 50
2 0 2 1 0 0 50
2 1 0 0 0 0 50
2 1 0 1 0 0 50
2 1 1 0 0 0 50
2 1 1 1 0 0 54
2 1 2 0 0 0 50
2 1 2 1 0 0 123
2 2 0 0 0 0 120
2 2 0 1 0 0 121
2 2 1 0 0 0 121
2 2 1 1 0 0 122
2 2 2 0 0 0 122
2 2 2 1 0 0 123
2 3 0 0 0 0 120
2 3 0 1 0 0 121
2 3 1 0 0 0 121
2 3 1 1 0 0 122
2 3 2 0 0 0 122
2 3 2 1 0 0 123
2 4 0 0 0 0 120
2 4 0 1 0 0 121
2 4 1 0 0 0 121
2 4 1 1 0 0 122
2 4 2 0 0 0 122
2 4 2 1 0 0 123
2 5 0 0 0 0 120
2 5 0 1 0 0 121
2 5 1 0 0 0 121
2 5 1 1 0 0 122
2 5 2 0 0 0 122
2 5 2 1 0 0 123
2 6 0 0 0 0 120
2 6 0 1 0 0 121
2 6 1 0 0 0 121
2 6 1 1 0 0 122
2 6 2 0 0 0 122
2 6 2 1 0 0 123
2 7 0 0 0 0 120
2 7 0 1 0 0 121
2 7 1 0 0 0 121
2 7 1 1 0 0 122
2 7 2 0 0 0 122
2 7 2 1 0 0 123
2 8 0 0 0 0 120
2 8 0 1 0 0 121
2 8 1 0 0 0 121
2 8 1 1 0 0 122
2 8 2 0 0 0 122
2 8 2 1 0 0 123
2 9 0 0 0 0 120
2 9 0 1 0 0 121
2 9 1 0 0 0 121
2 9 1 1 0 0 122
2 9 2 0 0 0 122
2 9 2 1 0 0 123
2 10 0 0 0 0 120
2 10 0 1 0 0 121
2 10 1 0 0 0 121
2 10 1 1 0 0 122
2 10 2 0 0 0 122
2 10 2 1 0 0 123
2 11 0 0 0 0 120
2 11 0 1 0 0 121
2 11 1 0 0 0 121
2 11 1 1 0 0 122
2 11 2 0 0 0 122
2 11 2 1 0 0 123
2 12 0 0 0 0 120
2 12 0 1 0 0 121
2 12 1 0 0 0 121
2 12 1 1 0 0 122
2 12 2 0 0 0 122
2 12 2 1 0 0 123
2 13 0 0 0 0 120
2 13 0 1 0 0 121
2 13 1 0 0 0 121
2 13 1 1 0 0 122
2 13 2 0 0 0 122
2 13 2 1 0 0 123
2 14 0 0 0 0 120
2 14 0 1 0 0 121
2 14 1 0 0 0 121
2 14 1 1 0 0 122
2 14 2 0 0 0 122
2 14 2 1 0 0 123
2 15 0 0 0 0 120
2 15 0 1 0 0 121
2 15 1 0 0 0 121
2 15 1 1 0 0 122
2 15 2 0 0 0 122
2 15 2 1 0 0 123
2 16 0 0 0 0 120
2 16 0 1 0 0 121
2 16 1 0 0 0 121
2 16 1 1 0 0 122
2 16 2 0 0 0 122
2 16 2 1 0 0 123
2 17 0 0 0 0 120
2 17 0 1 0 0 121
2 17 1 0 0 0 121
2 17 1 1 0 0 122
2 17 2 0 0 0 122
2 17 2 1 0 0 123
2 18 0 0 0 0 120
2 18 0 1 0 0 121
2 18 1 0 0 0 121
2 18 1 1 0 0 122
2 18 2 0 0 0 122
2 18 2 1 0 0 123
2 19 0 0 0 0 120
2 19 0 1 0 0 121
2 19 1 0 0 0 121
2 19 1 1 0 0 122
2 19 2 0 0 0 122
2 19 2 1 0 0 123
2 20 0 0 0 0 120
2 20 0 1 0 0 121
2 20 1 0 0 0 121
2 20 1 1 0 0 122
2 20 2 0 0 0 122
2 20 2 1 0 0 123
2 21 0 0 0 0 120
2 21 0 1 0 0 121
2 21 1 0 0 0 121
2 21 1 1 0 0 122
2 21 2 0 0 0 122
2 21 2 1 0 0 123
2 22 0 0 0 0 120
2 22 0 1 0 0 121
2 22 1 0 0 0 121
2 22 1 1 0 0 122
2 22 2 0 0 0 122
2 22 2 1 0 0 123
2 23 0 0 0 0 120
2 23 0 1 0 0 121
2 23 1 0 0 0 121
2 23 1 1 0 0 122
2 23 2 0 0 0 122
2 23 2 1 0 0 123
2 24 0 0 0 0 120
2 24 0 1 0 0 121
2 24 1 0 0 0 121
2 24 1 1 0 0 122
2 24 2 0 0 0 122
2 24 2 1 0 0 123
2 25 0 0 0 0 120
2 25 0 1 0 0 121
2 25 1 0 0 0 121
2 25 1 1 0 0 122
2 25 2 0 0 0 122
2 25 2 1 0 0 123
2 26 0 0 0 0 120
2 26 0 1 0 0 121
2 26 1 0 0 0 121
2 26 1 1 0 0 122
2 26 2 0 0 0 122
2 26 2 1 0 0 123
2 27 0 0 0 0 120
2 27 0 1 0 0 121
2 27 1 0 0 0 121
2 27 1 1 0 0 122
2 27 2 0 0 0 122
2 27 2 1 0 0 123
2 28 0 0 0 0 120
2 28 0 1 0 0 121
2 28 1 0 0 0 121
2 28 1 1 0 0 122
2 28 2 0 0 0 122
2 28 2 1 0 0 123
2 29 0 0 0 0 120
2 29 0 1 0 0 121
2 29 1 0 0 0 121
2 29 1 1 0 0 122
2 29 2 0 0 0 122
2 29 2 1 0 0 123
2 30 0 0 0 0 120
2 30 0 1 0 0 121
2 30 1 0 0 0 121
2 30 1 1 0 0 122
2 30 2 0 0 0 122
2 30 2 1 0 0 123
2 31 0 0 0 0 120
2 31 0 1 0 0 121
2 31 1 0 0 0 121
2 31 1 1 0 0 122
2 31 2 0 0 0 122
2 31 2 1 0 0 123
2 32 0 0 0 0 120
2 32 0 1 0 0 121
2 32 1 0 0 0 121
2 32 1 1 0 0 122
2 32 2 0 0 0 122
2 32 2 1 0 0 123
2 33 0 0 0 0 120
2 33 0 1 0 0 121
2 33 1 0 0 0 121
2 33 1 1 0 0 122
2 33 2 0 0 0 122
2 33 2 1 0 0 123
2 34 0 0 0 0 120
2 34 0 1 0 0 121
2 34 1 0 0 0 121
2 34 1 1 0 0 122
2 34 2 0 0 0 122
2 34 2 1 0 0 123
2 35 0 0 0 0 120
2 35 0 1 0 0 121
2 35 1 0 0 0 121
2 35 1 1 0 0 122
2 35 2 0 0 0 122
2 35 2 1 0 0 123
2 36 0 0 0 0 120
2 36 0 1 0 0 121
2 36 1 0 0 0 121
2 36 1 1 0 0 122
2 36 2 0 0 0 122
2 36 2 1 0 0 123
2 37 0 0 0 0 120
2 37 0 1 0 0 121
2 37 1 0 0 0 121
2 37 1 1 0 0 122
2 37 2 0 0 0 122
2 37 2 1 0 0 123
2 38 0 0 0 0 120
2 38 0 1 0 0 121
2 38 1 0 0 0 121
2 38 1 1 0 0 122
2 38 2 0 0 0 122
2 38 2 1 0 0 123
2 39 0 0 0 0 120
2 39 0 1 0 0 121
2 39 1 0 0 0 121
2 39 1 1 0 0 122
2 39 2 0 0 0 122
2 39 2 1 0 0 123
2 40 0 0 0 0 120
2 40 0 1 0 0 121
2 40 1 0 0 0 121
2 40 1 1 0 0 122
2 40 2 0 0 0 122
2 40 2 1 0 0 123
