L6-CAPCERT-2
cell 0 0 0 0 0 0 20 20
0 152 300 432 480 150 290 372 72 512 288 362 12 200 540 360 2 158 324 552
cell 0 0 0 0 0 1 40 40
0 152 300 432 480 150 290 372 72 512 288 362 12 200 540 360 2 158 324 552 144 248 60 440 510 246 50 398 198 530 48 392 156 314 492 390 146 254 84 560
cell 0 0 0 0 1 0 20 20
0 152 300 432 480 150 290 372 72 512 288 362 12 200 540 360 2 158 324 552
cell 0 0 0 1 0 0 20 20
0 152 300 432 480 155 311 477 705 513 309 467 645 201 545 465 635 159 329 573
cell 0 0 1 0 0 0 20 20
0 152 300 432 480 150 290 372 72 512 288 362 12 200 540 360 2 158 324 552
cell 0 1 0 0 0 0 20 20
0 152 300 432 480 150 290 372 72 512 288 362 12 200 540 360 2 158 324 552
cell 1 0 0 0 0 0 35 35
0 152 300 432 480 150 290 372 72 512 288 362 12 200 540 360 2 158 554 366 26 278 204 368 36 320 516 168 38 326 558 384 122 324 552
cell 0 0 0 0 0 2 60 60
0 152 300 432 480 150 290 372 72 512 288 362 12 200 540 360 2 158 324 552 144 248 60 440 510 246 50 398 198 530 48 392 156 314 492 390 146 254 84 560 240 8 182 444 528 6 176 420 312 482 174 410 252 74 518 408 242 14 206 564
cell 0 0 0 0 2 0 20 20
0 152 300 432 480 150 290 372 72 512 288 362 12 200 540 360 2 158 324 552
cell 0 0 0 1 1 0 25 25
0 152 300 432 480 150 290 372 72 512 288 362 12 200 540 365 23 238 714 553 20 230 684 409 244
cell 0 0 0 2 0 0 30 30
0 152 300 432 480 150 290 372 72 512 293 383 117 712 541 381 107 670 325 557 103 658 277 196 500 655 267 136 92 590
cell 0 0 1 0 1 0 20 20
0 152 300 432 480 150 290 372 72 512 288 362 12 200 540 360 2 158 324 552
cell 0 0 1 1 0 0 20 20
0 152 300 432 480 155 311 477 705 513 309 467 645 201 545 465 635 159 329 573
cell 0 0 2 0 0 0 20 20
0 152 300 432 480 150 290 372 72 512 288 362 12 200 540 360 2 158 324 552
cell 0 1 0 0 0 1 40 40
0 152 300 432 480 150 290 372 72 512 288 362 12 200 540 360 2 158 324 552 144 248 60 440 510 246 50 398 198 530 48 392 156 314 492 390 146 254 84 560
cell 0 1 0 0 1 0 20 20
0 152 300 432 480 150 290 372 72 512 288 362 12 200 540 360 2 158 324 552
cell 0 1 0 1 0 0 20 20
0 152 300 432 480 155 311 477 705 513 309 467 645 201 545 465 635 159 329 573
cell 0 1 1 0 0 0 20 20
0 152 300 432 480 150 290 372 72 512 288 362 12 200 540 360 2 158 324 552
cell 0 2 0 0 0 0 33 33
0 152 300 432 480 150 290 372 72 512 288 362 12 200 540 360 2 158 554 366 26 278 204 368 36 320 516 168 38 326 558 384 122
cell 1 0 0 0 0 1 55 55
0 152 300 432 480 150 290 372 72 512 288 362 12 200 540 360 2 158 324 552 144 248 60 440 510 246 50 398 198 530 48 392 156 314 492 390 146 254 558 384 122 38 326 386 132 80 542 294 134 86 566 414 266 84 560
cell 1 0 0 0 1 0 35 35
0 152 300 432 480 150 290 372 72 512 288 362 12 200 540 360 2 158 554 366 26 278 204 368 36 320 516 168 38 326 558 384 122 324 552
cell 1 0 0 1 0 0 35 35
0 152 300 432 480 155 311 477 705 513 309 467 645 201 545 465 635 159 575 471 659 279 209 473 669 321 521 189 671 327 563 405 227 329 573
cell 1 0 1 0 0 0 35 35
0 152 300 432 480 150 290 372 72 512 288 362 12 200 540 360 2 158 554 366 26 278 204 368 36 320 516 168 38 326 558 384 122 324 552
cell 1 1 0 0 0 0 35 35
0 152 300 432 480 150 290 372 72 512 288 362 12 200 540 360 2 158 554 366 26 278 204 368 36 320 516 168 38 326 558 384 122 324 552
cell 2 0 0 0 0 0 50 50
0 152 300 432 480 150 290 372 72 512 288 362 12 200 540 360 2 158 554 366 26 278 204 368 36 320 516 168 38 326 558 120 32 302 438 504 30 296 396 192 488 294 386 132 80 542 384 122 324 552
cell 0 0 0 0 0 3 70 70
0 152 300 432 480 150 290 372 72 512 288 362 12 200 540 360 2 158 324 552 144 248 60 440 510 246 50 398 198 530 48 392 156 314 492 390 146 254 84 560 240 8 182 444 528 6 176 420 312 482 414 266 134 86 566 264 128 62 446 534 126 56 422 318 506 54 416 276 194 494
cell 0 0 0 0 2 1 40 40
0 152 300 432 480 150 290 372 72 512 288 362 12 200 540 360 2 158 324 552 144 248 60 440 510 246 50 398 198 530 48 392 156 314 492 390 146 254 84 560
cell 0 0 0 1 1 1 45 45
0 152 300 432 480 150 290 372 72 512 288 362 12 200 540 365 23 238 714 553 20 230 684 409 244 678 385 124 44 350 388 138 104 662 295 140 110 686 415 268 108 680 391 148 260
cell 0 0 0 2 0 1 50 50
0 152 300 432 480 150 290 372 72 512 293 383 117 712 541 381 107 670 325 557 103 658 277 196 500 655 267 136 92 590 124 44 350 678 385 42 344 636 169 370 342 626 127 58 428 624 121 34 308 462
cell 0 0 1 0 1 1 40 40
0 152 300 432 480 150 290 372 72 512 288 362 12 200 540 360 2 158 324 552 144 248 60 440 510 246 50 398 198 530 48 392 156 314 492 390 146 254 84 560
cell 0 0 1 0 2 0 20 20
0 152 300 432 480 150 290 372 72 512 288 362 12 200 540 360 2 158 324 552
cell 0 0 1 1 0 1 40 40
0 152 300 432 480 150 290 372 72 512 293 383 117 712 541 381 107 670 325 557 650 247 52 404 222 250 66 464 630 145 68 470 654 265 130 468 648 241 10 188
cell 0 0 1 1 1 0 25 25
0 152 300 432 480 150 290 372 72 512 288 362 12 200 540 365 23 238 714 553 20 230 684 409 244
cell 0 0 1 2 0 0 30 30
0 152 300 432 480 150 290 372 72 512 293 383 117 712 541 381 107 670 325 557 103 658 277 196 500 655 267 136 92 590
cell 0 0 2 0 0 1 40 40
0 152 300 432 480 150 290 372 72 512 288 362 12 200 540 360 2 158 324 552 144 248 60 440 510 246 50 398 198 530 48 392 156 314 492 390 146 254 84 560
cell 0 0 2 0 1 0 20 20
0 152 300 432 480 150 290 372 72 512 288 362 12 200 540 360 2 158 324 552
cell 0 0 2 1 0 0 20 20
0 152 300 432 480 155 311 477 705 513 309 467 645 201 545 465 635 159 329 573
cell 0 0 3 0 0 0 20 20
0 152 300 432 480 150 290 372 72 512 288 362 12 200 540 360 2 158 324 552
cell 0 1 0 0 0 2 60 60
0 152 300 432 480 150 290 372 72 512 288 362 12 200 540 360 2 158 324 552 144 248 60 440 510 246 50 398 198 530 48 392 156 314 492 390 146 254 84 560 240 8 182 444 528 6 176 420 312 482 174 410 252 74 518 408 242 14 206 564
cell 0 1 0 0 2 0 24 24
0 152 300 432 480 150 290 372 72 512 288 362 12 200 540 360 2 158 324 552 3 160 330 576
cell 0 1 0 1 1 0 25 25
0 152 300 432 480 150 290 372 72 512 288 362 12 200 540 365 23 238 714 553 20 230 684 409 244
cell 0 1 0 2 0 0 30 30
0 152 300 432 480 150 290 372 72 512 293 383 117 712 541 381 107 670 325 557 103 658 277 196 500 655 267 136 92 590
cell 0 1 1 0 1 0 24 24
0 152 300 432 480 1 154 306 456 4 164 348 672 361 162 338 612 49 394 336 602 7 178 426
cell 0 1 1 1 0 0 24 24
0 152 300 432 480 1 154 306 456 2 158 324 552 360 156 314 492 48 392 312 482 6 176 420
cell 0 1 2 0 0 0 20 20
0 152 300 432 480 150 290 372 72 512 288 362 12 200 540 360 2 158 324 552
cell 0 2 0 0 0 1 53 53
0 152 300 432 480 150 290 372 72 512 288 362 12 200 540 360 2 158 324 552 144 248 60 440 510 246 50 398 198 530 48 392 156 314 492 390 146 254 558 384 122 38 326 386 132 80 542 294 134 86 566 414 266
cell 0 2 0 0 1 0 33 33
0 152 300 432 480 150 290 372 72 512 288 362 12 200 540 360 2 158 554 366 26 278 204 368 36 320 516 168 38 326 558 384 122
cell 0 2 0 1 0 0 38 38
0 152 300 432 480 150 290 372 72 512 288 362 12 200 540 365 23 238 714 553 20 230 684 241 10 188 468 648 7 178 426 336 602 175 412 258 98 638
cell 0 2 1 0 0 0 33 33
0 152 300 432 480 150 290 372 72 512 288 362 12 200 540 360 2 158 554 366 26 278 204 368 36 320 516 168 38 326 558 384 122
cell 0 3 0 0 0 0 33 33
0 152 300 432 480 150 290 372 72 512 288 362 12 200 540 360 2 158 554 366 26 278 204 368 36 320 516 168 38 326 558 384 122
cell 1 0 0 0 0 2 75 75
0 152 300 432 480 150 290 372 72 512 288 362 12 200 540 360 2 158 324 552 144 248 60 440 510 246 50 398 198 530 48 392 156 314 492 390 146 254 84 560 240 8 182 444 528 6 176 420 312 482 174 410 252 74 518 408 242 14 566 414 266 134 86 416 276 194 494 54 278 204 554 366 26 206 564
cell 1 0 0 0 2 0 35 35
0 152 300 432 480 150 290 372 72 512 288 362 12 200 540 360 2 158 554 366 26 278 204 368 36 320 516 168 38 326 558 384 122 324 552
cell 1 0 0 1 1 0 40 40
0 152 300 432 480 150 290 372 72 512 288 362 12 200 540 365 23 238 714 553 20 230 684 241 10 188 468 648 7 178 426 336 602 175 412 258 98 638 409 244
cell 1 0 0 2 0 0 45 45
0 152 300 432 480 150 290 372 72 512 293 383 117 712 541 381 107 670 325 557 103 658 193 490 43 346 642 487 29 286 234 698 27 280 210 578 607 277 196 500 655 267 136 92 590
cell 1 0 1 0 1 0 35 35
0 152 300 432 480 150 290 372 72 512 288 362 12 200 540 360 2 158 554 366 26 278 204 368 36 320 516 168 38 326 558 384 122 324 552
cell 1 0 1 1 0 0 35 35
0 152 300 432 480 155 311 477 705 513 309 467 645 201 545 465 635 159 575 471 659 279 209 473 669 321 521 189 671 327 563 405 227 329 573
cell 1 0 2 0 0 0 35 35
0 152 300 432 480 150 290 372 72 512 288 362 12 200 540 360 2 158 554 366 26 278 204 368 36 320 516 168 38 326 558 384 122 324 552
cell 1 1 0 0 0 1 55 55
0 152 300 432 480 150 290 372 72 512 288 362 12 200 540 360 2 158 324 552 144 248 60 440 510 246 50 398 198 530 48 392 156 314 492 390 146 254 558 384 122 38 326 386 132 80 542 294 134 86 566 414 266 84 560
cell 1 1 0 0 1 0 35 35
0 152 300 432 480 150 290 372 72 512 288 362 12 200 540 360 2 158 554 366 26 278 204 368 36 320 516 168 38 326 558 384 122 324 552
cell 1 1 0 1 0 0 35 35
0 152 300 432 480 155 311 477 705 513 309 467 645 201 545 465 635 159 575 471 659 279 209 473 669 321 521 189 671 327 563 405 227 329 573
cell 1 1 1 0 0 0 35 35
0 152 300 432 480 150 290 372 72 512 288 362 12 200 540 360 2 158 554 366 26 278 204 368 36 320 516 168 38 326 558 384 122 324 552
cell 1 2 0 0 0 0 48 48
0 152 300 432 480 150 290 372 72 512 288 362 12 200 540 360 2 158 554 366 26 278 204 368 36 320 516 168 38 326 558 120 32 302 438 504 30 296 396 192 488 294 386 132 80 542 384 122
cell 2 0 0 0 0 1 70 70
0 152 300 432 480 150 290 372 72 512 288 362 12 200 540 360 2 158 324 552 144 248 60 440 510 246 50 398 198 530 48 392 156 314 492 390 146 254 558 384 122 38 326 386 132 80 542 294 134 86 566 264 128 62 446 534 126 56 422 318 506 54 416 276 194 494 414 266 84 560
cell 2 0 0 0 1 0 50 50
0 152 300 432 480 150 290 372 72 512 288 362 12 200 540 360 2 158 554 366 26 278 204 368 36 320 516 168 38 326 558 120 32 302 438 504 30 296 396 192 488 294 386 132 80 542 384 122 324 552
cell 2 0 0 1 0 0 50 50
0 152 300 432 480 155 311 477 705 513 309 467 645 201 545 465 635 159 575 471 659 279 209 473 669 321 521 189 671 327 407 237 713 543 299 239 719 567 419 287 717 561 395 167 359 563 405 227 329 573
cell 2 0 1 0 0 0 50 50
0 152 300 432 480 150 290 372 72 512 288 362 12 200 540 360 2 158 554 366 26 278 204 368 36 320 516 168 38 326 558 120 32 302 438 504 30 296 396 192 488 294 386 132 80 542 384 122 324 552
cell 2 1 0 0 0 0 50 50
0 152 300 432 480 150 290 372 72 512 288 362 12 200 540 360 2 158 554 366 26 278 204 368 36 320 516 168 38 326 558 120 32 302 438 504 30 296 396 192 488 294 386 132 80 542 384 122 324 552
cell 3 0 0 0 0 0 65 65
0 152 300 432 480 150 290 372 72 512 288 362 12 200 540 360 2 158 554 366 26 278 204 368 36 320 516 168 38 326 558 120 32 302 438 504 30 296 396 192 488 294 386 78 536 270 170 374 534 264 128 62 446 266 134 86 566 414 132 80 542 384 122 324 552
cell 0 0 0 0 0 4 90 90
0 152 300 432 480 150 290 372 72 512 288 362 12 200 540 360 2 158 324 552 144 248 60 440 510 246 50 398 198 530 48 392 156 314 492 390 146 254 84 560 240 8 182 444 528 6 176 420 312 482 414 266 134 86 566 264 128 62 446 534 126 56 422 318 506 54 416 276 194 494 270 170 374 78 536 168 368 36 320 516 366 26 278 204 554 24 272 180 434 486
cell 0 0 1 0 1 2 60 60
0 152 300 432 480 150 290 372 72 512 288 362 12 200 540 360 2 158 324 552 144 248 60 440 510 246 50 398 198 530 48 392 156 314 492 390 146 254 84 560 240 8 182 444 528 6 176 420 312 482 174 410 252 74 518 408 242 14 206 564
