L6-CAPCERT-2
# cell <b> <d> <a> <bb> <e> <h> <cap> <nports>, then the ports
# port index = rank of the permutation in the lexicographic
# list of the 720 permutations of "123456"
cell 0 0 0 0 0 0 20 20
0 152 300 432 480 150 290 372 72 512 288 362 12 200 540 360 2 158 324 552
cell 0 1 0 0 0 0 20 20
0 152 300 432 480 150 290 372 72 512 288 362 12 200 540 360 2 158 324 552
cell 0 2 0 0 0 0 33 33
0 152 300 432 480 150 290 372 72 512 288 362 12 200 540 360 2 158 554 366 26 278 204 368 36 320 516 168 38 326 558 384 122
cell 0 3 0 0 0 0 33 33
0 152 300 432 480 150 290 372 72 512 288 362 12 200 540 360 2 158 554 366 26 278 204 368 36 320 516 168 38 326 558 384 122
cell 0 4 0 0 0 0 46 46
0 152 300 432 480 150 290 372 72 512 288 362 12 200 540 360 2 158 554 366 26 278 204 368 36 320 516 168 38 326 558 120 32 302 438 504 30 296 396 192 488 294 386 132 80 542
cell 0 5 0 0 0 0 46 46
0 152 300 432 480 150 290 372 72 512 288 362 12 200 540 360 2 158 554 366 26 278 204 368 36 320 516 168 38 326 558 120 32 302 438 504 30 296 396 192 488 294 386 132 80 542
cell 0 6 0 0 0 0 49 49
0 152 300 432 480 150 290 372 72 512 288 362 12 200 540 360 2 158 554 366 26 278 204 368 36 320 516 168 38 326 558 120 32 302 506 126 56 422 318 128 62 446 534 264 60 440 510 144 248
cell 0 7 0 0 0 0 58 58
0 152 300 432 480 150 290 372 72 512 288 362 12 200 540 360 2 158 554 366 26 278 204 368 36 320 516 168 38 326 558 120 32 302 438 504 30 296 396 192 488 294 386 78 536 270 170 374 534 264 128 62 446 266 134 86 566 414
cell 0 8 0 0 0 0 62 62
0 152 300 432 480 150 290 372 72 512 288 362 12 200 540 360 2 158 554 366 26 278 204 368 36 320 516 168 38 326 558 120 32 302 506 126 56 422 318 128 62 446 534 264 60 440 510 246 50 398 198 530 48 392 156 314 492 390 146 254 84 560
cell 0 9 0 0 0 0 66 66
0 152 300 432 480 150 290 372 72 512 288 362 12 200 540 360 2 158 554 366 26 278 204 368 36 320 516 168 38 326 558 120 32 302 438 504 30 296 396 192 488 294 386 78 536 270 170 374 534 264 128 444 528 240 8 182 530 246 50 398 198 248 60 440 510 144
cell 0 10 0 0 0 0 70 70
0 152 300 432 480 150 290 372 72 512 288 362 12 200 540 360 2 158 554 366 26 278 204 368 36 320 516 168 38 326 558 120 32 302 438 504 30 296 396 192 488 294 386 78 536 270 170 374 534 264 128 62 446 266 134 564 408 242 14 206 410 252 74 518 174 254 84 560 390 146
cell 0 11 0 0 0 0 74 74
0 152 300 432 480 150 290 372 72 512 288 362 12 200 540 360 2 158 554 366 26 278 204 368 36 320 516 168 38 326 558 120 32 302 438 504 30 296 396 192 488 294 386 78 536 270 170 374 534 264 128 62 446 266 134 86 416 276 194 56 422 318 506 126 420 312 482 6 176 314 492 48 392 156
cell 0 12 0 0 0 0 83 83
0 152 300 432 480 150 290 372 72 512 288 362 12 200 540 360 2 158 554 366 26 278 204 368 36 320 516 168 38 326 558 120 32 302 438 504 30 296 396 192 488 294 386 78 536 270 170 374 534 264 128 62 446 266 134 564 408 242 14 206 410 252 74 518 174 254 84 560 144 248 60 440 510 246 50 398 198 530 48 392 156 314 492
cell 0 13 0 0 0 0 83 83
0 152 300 432 480 150 290 372 72 512 288 362 12 200 540 360 2 158 554 366 26 278 204 368 36 320 516 168 38 326 558 120 32 302 438 504 30 296 396 192 488 294 386 78 536 270 170 374 534 264 128 62 446 266 134 564 408 242 14 206 410 252 74 518 174 254 84 560 144 248 60 440 510 246 50 398 198 530 48 392 156 314 492
cell 0 14 0 0 0 0 96 96
0 152 300 432 480 150 290 372 72 512 288 362 12 200 540 360 2 158 554 366 26 278 204 368 36 320 516 168 38 326 558 120 32 302 438 504 30 296 396 192 488 294 386 78 536 270 170 374 534 264 128 62 446 266 134 564 408 242 14 206 410 252 74 518 174 254 84 560 144 248 60 440 510 246 50 398 198 530 48 392 156 494 54 416 276 194 56 422 318 506 126 420 312 482 6 176
cell 0 0 0 0 0 1 40 40
0 152 300 432 480 150 290 372 72 512 288 362 12 200 540 360 2 158 324 552 144 248 60 440 510 246 50 398 198 530 48 392 156 314 492 390 146 254 84 560
cell 0 1 0 0 0 1 40 40
0 152 300 432 480 150 290 372 72 512 288 362 12 200 540 360 2 158 324 552 144 248 60 440 510 246 50 398 198 530 48 392 156 314 492 390 146 254 84 560
cell 0 2 0 0 0 1 53 53
0 152 300 432 480 150 290 372 72 512 288 362 12 200 540 360 2 158 324 552 144 248 60 440 510 246 50 398 198 530 48 392 156 314 492 390 146 254 558 384 122 38 326 386 132 80 542 294 134 86 566 414 266
cell 0 3 0 0 0 1 53 53
0 152 300 432 480 150 290 372 72 512 288 362 12 200 540 360 2 158 324 552 144 248 60 440 510 246 50 398 198 530 48 392 156 314 492 390 146 254 558 384 122 38 326 386 132 80 542 294 134 86 566 414 266
cell 0 4 0 0 0 1 66 66
0 152 300 432 480 150 290 372 72 512 288 362 12 200 540 360 2 158 324 552 144 248 60 440 510 246 50 398 198 530 48 392 156 314 492 390 146 254 558 384 122 38 326 386 132 80 542 294 134 86 566 264 128 62 446 534 126 56 422 318 506 54 416 276 194 494
cell 0 5 0 0 0 1 66 66
0 152 300 432 480 150 290 372 72 512 288 362 12 200 540 360 2 158 324 552 144 248 60 440 510 246 50 398 198 530 48 392 156 314 492 390 146 254 558 384 122 38 326 386 132 80 542 294 134 86 566 264 128 62 446 534 126 56 422 318 506 54 416 276 194 494
cell 0 6 0 0 0 1 79 79
0 152 300 432 480 150 290 372 72 512 288 362 12 200 540 360 2 158 554 366 26 278 204 368 36 320 516 168 38 326 558 384 122 564 408 242 14 206 410 252 74 518 174 254 84 560 390 146 86 566 414 132 80 542 294 386 78 536 270 170 374 534 264 128 444 528 240 8 182 530 246 50 398 198 248 60 440 510 144
cell 0 7 0 0 0 1 79 79
0 152 300 432 480 150 290 372 72 512 288 362 12 200 540 360 2 158 554 366 26 278 204 368 36 320 516 168 38 326 558 384 122 564 408 242 14 206 410 252 74 518 174 254 84 560 390 146 86 566 414 132 80 542 294 386 78 536 270 170 374 534 264 128 444 528 240 8 182 530 246 50 398 198 248 60 440 510 144
cell 0 8 0 0 0 1 92 92
0 152 300 432 480 150 290 372 72 512 288 362 12 200 540 360 2 158 554 366 26 278 204 368 36 320 516 168 38 326 558 120 32 302 438 504 30 296 396 192 488 294 386 132 80 542 126 56 422 318 506 54 416 276 194 494 414 266 134 86 566 264 128 62 536 270 170 374 78 272 180 434 486 24 182 444 528 6 176 420 312 482 174 410 252 74 518 408 242 14 206 564
