L6-PIECECERT-1
# pcell <b> <d> <fp> <lp> <cap> <nports>, then the ports
# cap = -1 claims the mask is unreachable and carries no witness
pcell 0 0 0 0 20 20
0 152 300 432 480 150 290 372 72 512 288 362 12 200 540 360 2 158 324 552
pcell 0 0 0 1 -1 0

pcell 0 0 1 0 -1 0

pcell 0 0 1 1 -1 0

pcell 0 1 0 0 20 20
0 152 300 432 480 150 290 372 72 512 288 362 12 200 540 360 2 158 324 552
pcell 0 1 0 1 19 19
0 152 300 432 480 150 290 372 72 512 288 362 12 200 540 360 2 158 324
pcell 0 1 1 0 19 19
0 152 300 432 2 158 324 552 360 156 314 492 48 392 312 482 6 176 420
pcell 0 1 1 1 4 4
0 152 300 432
pcell 1 0 0 0 35 35
0 152 300 432 480 150 290 372 72 512 288 362 12 200 540 360 2 158 554 366 26 278 204 368 36 320 516 168 38 326 558 384 122 324 552
pcell 1 0 0 1 35 35
0 152 300 432 480 150 290 372 72 512 288 362 12 200 540 360 2 158 554 366 26 278 204 368 36 320 516 168 38 326 558 384 122 324 552
pcell 1 0 1 0 35 35
0 152 300 482 6 176 420 312 8 182 444 528 240 180 434 486 24 272 432 480 150 290 372 72 512 288 362 12 200 540 360 2 158 324 552
pcell 1 0 1 1 20 20
0 152 300 432 2 158 324 552 360 156 314 492 48 392 312 482 6 176 420 480
pcell 0 2 0 0 33 33
0 152 300 432 480 150 290 372 72 512 288 362 12 200 540 360 2 158 554 366 26 278 204 368 36 320 516 168 38 326 558 384 122
pcell 0 2 0 1 19 19
0 152 300 432 480 150 290 372 72 512 288 362 12 200 540 360 2 158 324
pcell 0 2 1 0 19 19
0 152 300 432 2 158 324 552 360 156 314 492 48 392 312 482 6 176 420
pcell 0 2 1 1 18 18
0 152 300 432 2 158 324 552 360 156 314 492 48 392 312 482 6 176
pcell 1 1 0 0 35 35
0 152 300 432 480 150 290 372 72 512 288 362 12 200 540 360 2 158 554 366 26 278 204 368 36 320 516 168 38 326 558 384 122 324 552
pcell 1 1 0 1 35 35
0 152 300 432 480 150 290 372 72 512 288 362 12 200 540 360 2 158 554 366 26 278 204 368 36 320 516 168 38 326 558 384 122 324 552
pcell 1 1 1 0 35 35
0 152 300 482 6 176 420 312 8 182 444 528 240 180 434 486 24 272 432 480 150 290 372 72 512 288 362 12 200 540 360 2 158 324 552
pcell 1 1 1 1 34 34
0 152 300 432 2 158 324 552 360 156 314 492 48 392 312 482 6 422 318 506 126 56 320 516 168 368 36 518 174 410 252 74 176 420
pcell 2 0 0 0 50 50
0 152 300 432 480 150 290 372 72 512 288 362 12 200 540 360 2 158 554 366 26 278 204 368 36 320 516 168 38 326 558 120 32 302 438 504 30 296 396 192 488 294 386 132 80 542 384 122 324 552
pcell 2 0 0 1 50 50
0 152 300 432 480 150 290 372 72 512 288 362 12 200 540 360 2 158 554 366 26 278 204 368 36 320 516 168 38 326 558 120 32 302 438 504 30 296 396 192 488 294 386 132 80 542 384 122 324 552
pcell 2 0 1 0 50 50
0 152 300 482 6 176 420 312 8 182 444 528 240 180 434 486 24 272 432 480 150 290 372 72 512 288 362 12 200 540 360 2 158 554 366 26 278 204 368 36 320 516 168 38 326 558 384 122 324 552
pcell 2 0 1 1 50 50
0 152 300 482 6 176 420 312 8 182 444 528 240 180 434 486 24 272 432 480 150 290 372 72 512 288 362 12 200 540 360 2 158 554 366 26 278 204 368 36 320 516 168 38 326 558 384 122 324 552
pcell 0 3 0 0 33 33
0 152 300 432 480 150 290 372 72 512 288 362 12 200 540 360 2 158 554 366 26 278 204 368 36 320 516 168 38 326 558 384 122
pcell 0 3 0 1 32 32
0 152 300 432 480 150 290 372 72 512 288 362 12 200 540 360 2 158 554 366 26 278 204 368 36 320 516 168 38 326 558 384
pcell 0 3 1 0 32 32
0 152 300 432 2 158 324 552 360 156 314 492 48 392 312 482 6 422 318 506 126 56 320 516 168 368 36 518 174 410 252 74
pcell 0 3 1 1 18 18
0 152 300 432 2 158 324 552 360 156 314 492 48 392 312 482 6 176
pcell 1 2 0 0 48 48
0 152 300 432 480 150 290 372 72 512 288 362 12 200 540 360 2 158 554 366 26 278 204 368 36 320 516 168 38 326 558 120 32 302 438 504 30 296 396 192 488 294 386 132 80 542 384 122
pcell 1 2 0 1 48 48
0 152 300 432 480 150 290 372 72 512 288 362 12 200 540 360 2 158 554 366 26 278 204 368 36 320 516 168 38 326 558 120 32 302 438 504 30 296 396 192 488 294 386 132 80 542 384 122
pcell 1 2 1 0 48 48
0 152 300 482 6 176 420 312 8 182 444 528 240 180 434 486 24 272 432 480 150 290 372 72 512 288 362 12 200 540 360 2 158 554 366 26 278 204 368 36 320 516 168 38 326 558 384 122
pcell 1 2 1 1 34 34
0 152 300 432 2 158 324 552 360 156 314 492 48 392 312 482 6 422 318 506 126 56 320 516 168 368 36 518 174 410 252 74 176 420
pcell 2 1 0 0 50 50
0 152 300 432 480 150 290 372 72 512 288 362 12 200 540 360 2 158 554 366 26 278 204 368 36 320 516 168 38 326 558 120 32 302 438 504 30 296 396 192 488 294 386 132 80 542 384 122 324 552
pcell 2 1 0 1 50 50
0 152 300 432 480 150 290 372 72 512 288 362 12 200 540 360 2 158 554 366 26 278 204 368 36 320 516 168 38 326 558 120 32 302 438 504 30 296 396 192 488 294 386 132 80 542 384 122 324 552
pcell 2 1 1 0 50 50
0 152 300 482 6 176 420 312 8 182 444 528 240 180 434 486 24 272 432 480 150 290 372 72 512 288 362 12 200 540 360 2 158 554 366 26 278 204 368 36 320 516 168 38 326 558 384 122 324 552
pcell 2 1 1 1 50 50
0 152 300 482 6 176 420 312 8 182 444 528 240 180 434 486 24 272 432 480 150 290 372 72 512 288 362 12 200 540 360 2 158 554 366 26 278 204 368 36 320 516 168 38 326 558 384 122 324 552
pcell 3 0 0 0 65 65
0 152 300 432 480 150 290 372 72 512 288 362 12 200 540 360 2 158 554 366 26 278 204 368 36 320 516 168 38 326 558 120 32 302 438 504 30 296 396 192 488 294 386 78 536 270 170 374 534 264 128 62 446 266 134 86 566 414 132 80 542 384 122 324 552
pcell 3 0 0 1 65 65
0 152 300 432 480 150 290 372 72 512 288 362 12 200 540 360 2 158 554 366 26 278 204 368 36 320 516 168 38 326 558 120 32 302 438 504 30 296 396 192 488 294 386 78 536 270 170 374 534 264 128 62 446 266 134 86 566 414 132 80 542 384 122 324 552
pcell 3 0 1 0 65 65
0 152 300 482 6 176 420 312 8 182 444 528 240 180 434 486 24 272 432 480 150 290 372 72 512 288 362 12 200 540 360 2 158 554 366 26 278 204 368 36 320 516 168 38 326 558 120 32 302 438 504 30 296 396 192 488 294 386 132 80 542 384 122 324 552
pcell 3 0 1 1 65 65
0 152 300 482 6 176 420 312 8 182 444 528 240 180 434 486 24 272 432 480 150 290 372 72 512 288 362 12 200 540 360 2 158 554 366 26 278 204 368 36 320 516 168 38 326 558 120 32 302 438 504 30 296 396 192 488 294 386 132 80 542 384 122 324 552
pcell 0 4 0 0 46 46
0 152 300 432 480 150 290 372 72 512 288 362 12 200 540 360 2 158 554 366 26 278 204 368 36 320 516 168 38 326 558 120 32 302 438 504 30 296 396 192 488 294 386 132 80 542
pcell 0 4 0 1 32 32
0 152 300 432 480 150 290 372 72 512 288 362 12 200 540 360 2 158 554 366 26 278 204 368 36 320 516 168 38 326 558 384
pcell 0 4 1 0 32 32
0 152 300 432 2 158 324 552 360 156 314 492 48 392 312 482 6 422 318 506 126 56 320 516 168 368 36 518 174 410 252 74
pcell 0 4 1 1 31 31
0 152 300 432 2 158 324 552 360 156 314 492 48 392 312 482 6 422 318 506 126 56 320 516 168 368 36 518 174 410 252
pcell 1 3 0 0 48 48
0 152 300 432 480 150 290 372 72 512 288 362 12 200 540 360 2 158 554 366 26 278 204 368 36 320 516 168 38 326 558 120 32 302 438 504 30 296 396 192 488 294 386 132 80 542 384 122
pcell 1 3 0 1 48 48
0 152 300 432 480 150 290 372 72 512 288 362 12 200 540 360 2 158 554 366 26 278 204 368 36 320 516 168 38 326 558 120 32 302 438 504 30 296 396 192 488 294 386 132 80 542 384 122
pcell 1 3 1 0 48 48
0 152 300 482 6 176 420 312 8 182 444 528 240 180 434 486 24 272 432 480 150 290 372 72 512 288 362 12 200 540 360 2 158 554 366 26 278 204 368 36 320 516 168 38 326 558 384 122
pcell 1 3 1 1 47 47
0 152 300 432 2 158 324 552 360 156 314 492 48 392 312 482 6 422 318 506 126 56 320 516 168 368 36 518 174 410 72 512 150 290 372 510 144 248 60 440 146 254 84 560 390 252 74
pcell 2 2 0 0 63 63
0 152 300 432 480 150 290 372 72 512 288 362 12 200 540 360 2 158 554 366 26 278 204 368 36 320 516 168 38 326 558 120 32 302 438 504 30 296 396 192 488 294 386 78 536 270 170 374 534 264 128 62 446 266 134 86 566 414 132 80 542 384 122
pcell 2 2 0 1 63 63
0 152 300 432 480 150 290 372 72 512 288 362 12 200 540 360 2 158 554 366 26 278 204 368 36 320 516 168 38 326 558 120 32 302 438 504 30 296 396 192 488 294 386 78 536 270 170 374 534 264 128 62 446 266 134 86 566 414 132 80 542 384 122
pcell 2 2 1 0 63 63
0 152 300 482 6 176 420 312 8 182 444 528 240 180 434 486 24 272 432 480 150 290 372 72 512 288 362 12 200 540 360 2 158 554 366 26 278 204 368 36 320 516 168 38 326 558 120 32 302 438 504 30 296 396 192 488 294 386 132 80 542 384 122
pcell 2 2 1 1 63 63
0 152 300 482 6 176 420 312 8 182 444 528 240 180 434 486 24 272 432 480 150 290 372 72 512 288 362 12 200 540 360 2 158 554 366 26 278 204 368 36 320 516 168 38 326 558 120 32 302 438 504 30 296 396 192 488 294 386 132 80 542 384 122
pcell 3 1 0 0 65 65
0 152 300 432 480 150 290 372 72 512 288 362 12 200 540 360 2 158 554 366 26 278 204 368 36 320 516 168 38 326 558 120 32 302 438 504 30 296 396 192 488 294 386 78 536 270 170 374 534 264 128 62 446 266 134 86 566 414 132 80 542 384 122 324 552
pcell 3 1 0 1 65 65
0 152 300 432 480 150 290 372 72 512 288 362 12 200 540 360 2 158 554 366 26 278 204 368 36 320 516 168 38 326 558 120 32 302 438 504 30 296 396 192 488 294 386 78 536 270 170 374 534 264 128 62 446 266 134 86 566 414 132 80 542 384 122 324 552
pcell 3 1 1 0 65 65
0 152 300 482 6 176 420 312 8 182 444 528 240 180 434 486 24 272 432 480 150 290 372 72 512 288 362 12 200 540 360 2 158 554 366 26 278 204 368 36 320 516 168 38 326 558 120 32 302 438 504 30 296 396 192 488 294 386 132 80 542 384 122 324 552
pcell 3 1 1 1 65 65
0 152 300 482 6 176 420 312 8 182 444 528 240 180 434 486 24 272 432 480 150 290 372 72 512 288 362 12 200 540 360 2 158 554 366 26 278 204 368 36 320 516 168 38 326 558 120 32 302 438 504 30 296 396 192 488 294 386 132 80 542 384 122 324 552
pcell 4 0 0 0 80 80
0 152 300 432 480 150 290 372 72 512 288 362 12 200 540 360 2 158 554 366 26 278 204 368 36 320 516 168 38 326 558 120 32 302 438 504 30 296 396 192 488 294 386 78 536 270 170 374 534 264 128 62 446 266 134 564 408 242 14 206 410 252 74 518 174 254 84 560 390 146 86 566 414 132 80 542 384 122 324 552
pcell 4 0 0 1 80 80
0 152 300 432 480 150 290 372 72 512 288 362 12 200 540 360 2 158 554 366 26 278 204 368 36 320 516 168 38 326 558 120 32 302 438 504 30 296 396 192 488 294 386 78 536 270 170 374 534 264 128 62 446 266 134 564 408 242 14 206 410 252 74 518 174 254 84 560 390 146 86 566 414 132 80 542 384 122 324 552
pcell 4 0 1 0 80 80
0 152 300 482 6 176 420 312 8 182 444 528 240 180 434 486 24 272 432 480 150 290 372 72 512 288 362 12 200 540 360 2 158 554 366 26 278 204 368 36 320 516 168 38 326 558 120 32 302 438 504 30 296 396 192 488 294 386 78 536 270 170 374 534 264 128 62 446 266 134 86 566 414 132 80 542 384 122 324 552
pcell 4 0 1 1 80 80
0 152 300 482 6 176 420 312 8 182 444 528 240 180 434 486 24 272 432 480 150 290 372 72 512 288 362 12 200 540 360 2 158 554 366 26 278 204 368 36 320 516 168 38 326 558 120 32 302 438 504 30 296 396 192 488 294 386 78 536 270 170 374 534 264 128 62 446 266 134 86 566 414 132 80 542 384 122 324 552
pcell 0 5 0 0 46 46
0 152 300 432 480 150 290 372 72 512 288 362 12 200 540 360 2 158 554 366 26 278 204 368 36 320 516 168 38 326 558 120 32 302 438 504 30 296 396 192 488 294 386 132 80 542
pcell 0 5 0 1 45 45
0 152 300 432 480 150 290 372 72 512 288 362 12 200 540 360 2 158 554 366 26 278 204 368 36 320 516 168 38 326 558 120 32 302 438 504 30 296 396 192 488 294 386 132 80
pcell 0 5 1 0 45 45
0 152 300 432 2 158 324 552 360 156 314 492 48 392 312 482 6 422 318 506 126 56 320 516 168 368 36 518 174 410 72 512 150 290 372 510 144 248 60 440 146 254 84 560 390
pcell 0 5 1 1 31 31
0 152 300 432 2 158 324 552 360 156 314 492 48 392 312 482 6 422 318 506 126 56 320 516 168 368 36 518 174 410 252
pcell 1 4 0 0 61 61
0 152 300 432 480 150 290 372 72 512 288 362 12 200 540 360 2 158 554 366 26 278 204 368 36 320 516 168 38 326 558 120 32 302 438 504 30 296 396 192 488 294 386 78 536 270 170 374 534 264 128 62 446 266 134 86 566 414 132 80 542
pcell 1 4 0 1 61 61
0 152 300 432 480 150 290 372 72 512 288 362 12 200 540 360 2 158 554 366 26 278 204 368 36 320 516 168 38 326 558 120 32 302 438 504 30 296 396 192 488 294 386 78 536 270 170 374 534 264 128 62 446 266 134 86 566 414 132 80 542
pcell 1 4 1 0 61 61
0 152 300 482 6 176 420 312 8 182 444 528 240 180 434 486 24 272 432 480 150 290 372 72 512 288 362 12 200 540 360 2 158 554 366 26 278 204 368 36 320 516 168 38 326 558 120 32 302 438 504 30 296 396 192 488 294 386 132 80 542
pcell 1 4 1 1 47 47
0 152 300 432 2 158 324 552 360 156 314 492 48 392 312 482 6 422 318 506 126 56 320 516 168 368 36 518 174 410 72 512 150 290 372 510 144 248 60 440 146 254 84 560 390 252 74
pcell 2 3 0 0 63 63
0 152 300 432 480 150 290 372 72 512 288 362 12 200 540 360 2 158 554 366 26 278 204 368 36 320 516 168 38 326 558 120 32 302 438 504 30 296 396 192 488 294 386 78 536 270 170 374 534 264 128 62 446 266 134 86 566 414 132 80 542 384 122
pcell 2 3 0 1 63 63
0 152 300 432 480 150 290 372 72 512 288 362 12 200 540 360 2 158 554 366 26 278 204 368 36 320 516 168 38 326 558 120 32 302 438 504 30 296 396 192 488 294 386 78 536 270 170 374 534 264 128 62 446 266 134 86 566 414 132 80 542 384 122
pcell 2 3 1 0 63 63
0 152 300 482 6 176 420 312 8 182 444 528 240 180 434 486 24 272 432 480 150 290 372 72 512 288 362 12 200 540 360 2 158 554 366 26 278 204 368 36 320 516 168 38 326 558 120 32 302 438 504 30 296 396 192 488 294 386 132 80 542 384 122
pcell 2 3 1 1 63 63
0 152 300 482 6 176 420 312 8 182 444 528 240 180 434 486 24 272 432 480 150 290 372 72 512 288 362 12 200 540 360 2 158 554 366 26 278 204 368 36 320 516 168 38 326 558 120 32 302 438 504 30 296 396 192 488 294 386 132 80 542 384 122
pcell 3 2 0 0 78 78
0 152 300 432 480 150 290 372 72 512 288 362 12 200 540 360 2 158 554 366 26 278 204 368 36 320 516 168 38 326 558 120 32 302 438 504 30 296 396 192 488 294 386 78 536 270 170 374 534 264 128 62 446 266 134 564 408 242 14 206 410 252 74 518 174 254 84 560 390 146 86 566 414 132 80 542 384 122
pcell 3 2 0 1 78 78
0 152 300 432 480 150 290 372 72 512 288 362 12 200 540 360 2 158 554 366 26 278 204 368 36 320 516 168 38 326 558 120 32 302 438 504 30 296 396 192 488 294 386 78 536 270 170 374 534 264 128 62 446 266 134 564 408 242 14 206 410 252 74 518 174 254 84 560 390 146 86 566 414 132 80 542 384 122
pcell 3 2 1 0 78 78
0 152 300 482 6 176 420 312 8 182 444 528 240 180 434 486 24 272 432 480 150 290 372 72 512 288 362 12 200 540 360 2 158 554 366 26 278 204 368 36 320 516 168 38 326 558 120 32 302 438 504 30 296 396 192 488 294 386 78 536 270 170 374 534 264 128 62 446 266 134 86 566 414 132 80 542 384 122
pcell 3 2 1 1 78 78
0 152 300 482 6 176 420 312 8 182 444 528 240 180 434 486 24 272 432 480 150 290 372 72 512 288 362 12 200 540 360 2 158 554 366 26 278 204 368 36 320 516 168 38 326 558 120 32 302 438 504 30 296 396 192 488 294 386 78 536 270 170 374 534 264 128 62 446 266 134 86 566 414 132 80 542 384 122
pcell 0 6 0 0 49 49
0 152 300 432 480 150 290 372 72 512 288 362 12 200 540 360 2 158 554 366 26 278 204 368 36 320 516 168 38 326 558 120 32 302 506 126 56 422 318 128 62 446 534 264 60 440 510 144 248
pcell 0 6 0 1 45 45
0 152 300 432 480 150 290 372 72 512 288 362 12 200 540 360 2 158 554 366 26 278 204 368 36 320 516 168 38 326 558 120 32 302 438 504 30 296 396 192 488 294 386 132 80
pcell 0 6 1 0 45 45
0 152 300 432 2 158 324 552 360 156 314 492 48 392 312 482 6 422 318 506 126 56 320 516 168 368 36 518 174 410 72 512 150 290 372 510 144 248 60 440 146 254 84 560 390
pcell 0 6 1 1 44 44
0 152 300 432 2 158 324 552 360 156 314 492 48 392 312 482 6 422 318 506 126 56 320 516 168 368 36 518 174 410 72 512 150 290 372 510 144 248 60 440 146 254 84 560
pcell 1 5 0 0 61 61
0 152 300 432 480 150 290 372 72 512 288 362 12 200 540 360 2 158 554 366 26 278 204 368 36 320 516 168 38 326 558 120 32 302 438 504 30 296 396 192 488 294 386 78 536 270 170 374 534 264 128 62 446 266 134 86 566 414 132 80 542
pcell 1 5 0 1 61 61
0 152 300 432 480 150 290 372 72 512 288 362 12 200 540 360 2 158 554 366 26 278 204 368 36 320 516 168 38 326 558 120 32 302 438 504 30 296 396 192 488 294 386 78 536 270 170 374 534 264 128 62 446 266 134 86 566 414 132 80 542
pcell 1 5 1 0 61 61
0 152 300 482 6 176 420 312 8 182 444 528 240 180 434 486 24 272 432 480 150 290 372 72 512 288 362 12 200 540 360 2 158 554 366 26 278 204 368 36 320 516 168 38 326 558 120 32 302 438 504 30 296 396 192 488 294 386 132 80 542
pcell 1 5 1 1 60 60
0 152 300 432 2 158 324 552 360 156 314 492 48 392 312 482 6 422 318 506 126 56 320 516 168 368 36 518 174 410 72 512 150 290 372 510 144 248 60 440 146 254 558 384 122 38 326 386 132 80 542 294 134 86 566 414 266 84 560 390
pcell 2 4 0 0 76 76
0 152 300 432 480 150 290 372 72 512 288 362 12 200 540 360 2 158 554 366 26 278 204 368 36 320 516 168 38 326 558 120 32 302 438 504 30 296 396 192 488 294 386 78 536 270 170 374 534 264 128 62 446 266 134 564 408 242 14 206 410 252 74 518 174 254 84 560 390 146 86 566 414 132 80 542
pcell 2 4 0 1 76 76
0 152 300 432 480 150 290 372 72 512 288 362 12 200 540 360 2 158 554 366 26 278 204 368 36 320 516 168 38 326 558 120 32 302 438 504 30 296 396 192 488 294 386 78 536 270 170 374 534 264 128 62 446 266 134 564 408 242 14 206 410 252 74 518 174 254 84 560 390 146 86 566 414 132 80 542
pcell 2 4 1 0 76 76
0 152 300 482 6 176 420 312 8 182 444 528 240 180 434 486 24 272 432 480 150 290 372 72 512 288 362 12 200 540 360 2 158 554 366 26 278 204 368 36 320 516 168 38 326 558 120 32 302 438 504 30 296 396 192 488 294 386 78 536 270 170 374 534 264 128 62 446 266 134 86 566 414 132 80 542
pcell 2 4 1 1 76 76
0 152 300 482 6 176 420 312 8 182 444 528 240 180 434 486 24 272 432 480 150 290 372 72 512 288 362 12 200 540 360 2 158 554 366 26 278 204 368 36 320 516 168 38 326 558 120 32 302 438 504 30 296 396 192 488 294 386 78 536 270 170 374 534 264 128 62 446 266 134 86 566 414 132 80 542
pcell 3 3 0 0 78 78
0 152 300 432 480 150 290 372 72 512 288 362 12 200 540 360 2 158 554 366 26 278 204 368 36 320 516 168 38 326 558 120 32 302 438 504 30 296 396 192 488 294 386 78 536 270 170 374 534 264 128 62 446 266 134 564 408 242 14 206 410 252 74 518 174 254 84 560 390 146 86 566 414 132 80 542 384 122
pcell 3 3 0 1 78 78
0 152 300 432 480 150 290 372 72 512 288 362 12 200 540 360 2 158 554 366 26 278 204 368 36 320 516 168 38 326 558 120 32 302 438 504 30 296 396 192 488 294 386 78 536 270 170 374 534 264 128 62 446 266 134 564 408 242 14 206 410 252 74 518 174 254 84 560 390 146 86 566 414 132 80 542 384 122
pcell 3 3 1 0 78 78
0 152 300 482 6 176 420 312 8 182 444 528 240 180 434 486 24 272 432 480 150 290 372 72 512 288 362 12 200 540 360 2 158 554 366 26 278 204 368 36 320 516 168 38 326 558 120 32 302 438 504 30 296 396 192 488 294 386 78 536 270 170 374 534 264 128 62 446 266 134 86 566 414 132 80 542 384 122
pcell 3 3 1 1 78 78
0 152 300 482 6 176 420 312 8 182 444 528 240 180 434 486 24 272 432 480 150 290 372 72 512 288 362 12 200 540 360 2 158 554 366 26 278 204 368 36 320 516 168 38 326 558 120 32 302 438 504 30 296 396 192 488 294 386 78 536 270 170 374 534 264 128 62 446 266 134 86 566 414 132 80 542 384 122
pcell 0 7 0 0 58 58
0 152 300 432 480 150 290 372 72 512 288 362 12 200 540 360 2 158 554 366 26 278 204 368 36 320 516 168 38 326 558 120 32 302 438 504 30 296 396 192 488 294 386 78 536 270 170 374 534 264 128 62 446 266 134 86 566 414
pcell 0 7 0 1 48 48
0 152 300 432 480 150 290 372 72 512 288 362 12 200 540 360 2 158 554 366 26 278 204 368 36 320 516 168 38 326 558 120 32 302 506 126 56 422 318 128 62 446 534 264 60 440 510 144
pcell 0 7 1 0 48 48
0 152 300 432 2 158 324 552 360 156 314 492 48 392 312 482 6 422 318 506 126 56 320 516 168 368 36 518 174 410 72 512 150 374 78 536 270 170 80 542 294 386 132 540 288 362 12 200
pcell 0 7 1 1 44 44
0 152 300 432 2 158 324 552 360 156 314 492 48 392 312 482 6 422 318 506 126 56 320 516 168 368 36 518 174 410 72 512 150 290 372 510 144 248 60 440 146 254 84 560
pcell 1 6 0 0 64 64
0 152 300 432 480 150 290 372 72 512 288 362 12 200 540 360 2 158 554 366 26 278 204 368 36 320 516 168 38 326 558 120 32 302 506 126 56 422 318 128 62 446 534 264 60 440 510 246 50 398 198 530 48 392 156 314 492 390 146 254 84 560 144 248
pcell 1 6 0 1 64 64
0 152 300 432 480 150 290 372 72 512 288 362 12 200 540 360 2 158 554 366 26 278 204 368 36 320 516 168 38 326 558 120 32 302 506 126 56 422 318 128 62 446 534 264 60 440 510 246 50 398 198 530 48 392 156 314 492 390 146 254 84 560 144 248
pcell 1 6 1 0 64 64
0 152 300 482 6 176 420 312 8 182 444 528 240 180 434 486 24 272 432 480 150 290 372 72 512 288 362 12 200 540 360 2 158 554 366 26 278 204 368 36 320 516 168 38 326 558 120 32 302 506 126 56 422 318 128 62 446 534 264 60 440 510 144 248
pcell 1 6 1 1 60 60
0 152 300 432 2 158 324 552 360 156 314 492 48 392 312 482 6 422 318 506 126 56 320 516 168 368 36 518 174 410 72 512 150 290 372 510 144 248 60 440 146 254 558 384 122 38 326 386 132 80 542 294 134 86 566 414 266 84 560 390
pcell 2 5 0 0 76 76
0 152 300 432 480 150 290 372 72 512 288 362 12 200 540 360 2 158 554 366 26 278 204 368 36 320 516 168 38 326 558 120 32 302 438 504 30 296 396 192 488 294 386 78 536 270 170 374 534 264 128 62 446 266 134 564 408 242 14 206 410 252 74 518 174 254 84 560 390 146 86 566 414 132 80 542
pcell 2 5 0 1 76 76
0 152 300 432 480 150 290 372 72 512 288 362 12 200 540 360 2 158 554 366 26 278 204 368 36 320 516 168 38 326 558 120 32 302 438 504 30 296 396 192 488 294 386 78 536 270 170 374 534 264 128 62 446 266 134 564 408 242 14 206 410 252 74 518 174 254 84 560 390 146 86 566 414 132 80 542
pcell 2 5 1 0 76 76
0 152 300 482 6 176 420 312 8 182 444 528 240 180 434 486 24 272 432 480 150 290 372 72 512 288 362 12 200 540 360 2 158 554 366 26 278 204 368 36 320 516 168 38 326 558 120 32 302 438 504 30 296 396 192 488 294 386 78 536 270 170 374 534 264 128 62 446 266 134 86 566 414 132 80 542
pcell 2 5 1 1 76 76
0 152 300 482 6 176 420 312 8 182 444 528 240 180 434 486 24 272 432 480 150 290 372 72 512 288 362 12 200 540 360 2 158 554 366 26 278 204 368 36 320 516 168 38 326 558 120 32 302 438 504 30 296 396 192 488 294 386 78 536 270 170 374 534 264 128 62 446 266 134 86 566 414 132 80 542
pcell 3 4 0 0 91 91
0 152 300 432 480 150 290 372 72 512 288 362 12 200 540 360 2 158 554 366 26 278 204 368 36 320 516 168 38 326 558 120 32 302 438 504 30 296 396 192 488 294 386 78 536 270 170 374 534 264 128 62 446 266 134 564 408 242 14 206 410 252 74 518 174 254 84 560 144 248 60 440 510 246 50 398 198 530 48 392 156 314 492 390 146 86 566 414 132 80 542
pcell 3 4 0 1 91 91
0 152 300 432 480 150 290 372 72 512 288 362 12 200 540 360 2 158 554 366 26 278 204 368 36 320 516 168 38 326 558 120 32 302 438 504 30 296 396 192 488 294 386 78 536 270 170 374 534 264 128 62 446 266 134 564 408 242 14 206 410 252 74 518 174 254 84 560 144 248 60 440 510 246 50 398 198 530 48 392 156 314 492 390 146 86 566 414 132 80 542
pcell 3 4 1 0 91 0

pcell 3 4 1 1 91 0

pcell 0 8 0 0 62 62
0 152 300 432 480 150 290 372 72 512 288 362 12 200 540 360 2 158 554 366 26 278 204 368 36 320 516 168 38 326 558 120 32 302 506 126 56 422 318 128 62 446 534 264 60 440 510 246 50 398 198 530 48 392 156 314 492 390 146 254 84 560
pcell 0 8 0 1 57 57
0 152 300 432 480 150 290 372 72 512 288 362 12 200 540 360 2 158 554 366 26 278 204 368 36 320 516 168 38 326 558 120 32 302 438 504 30 296 396 192 488 294 386 78 536 270 170 374 534 264 128 62 446 266 134 86 566
pcell 0 8 1 0 57 57
0 152 300 432 2 158 324 552 360 156 314 492 48 392 312 482 6 422 318 506 126 56 320 516 168 368 36 518 174 410 72 512 150 290 372 510 144 248 60 440 146 254 558 384 122 38 326 386 132 80 542 294 134 86 566 414 266
pcell 0 8 1 1 47 47
0 152 300 432 2 158 324 552 360 156 314 492 48 392 312 482 6 422 318 506 126 56 320 516 168 368 36 518 174 410 72 512 150 374 78 536 270 170 80 542 294 386 132 540 288 362 12
pcell 1 7 0 0 73 73
0 152 300 432 480 150 290 372 72 512 288 362 12 200 540 360 2 158 554 366 26 278 204 368 36 320 516 168 38 326 558 120 32 302 438 504 30 296 396 192 488 294 386 78 536 270 170 374 534 264 128 62 446 266 134 564 408 242 14 206 410 252 74 518 174 254 84 560 390 146 86 566 414
pcell 1 7 0 1 73 73
0 152 300 432 480 150 290 372 72 512 288 362 12 200 540 360 2 158 554 366 26 278 204 368 36 320 516 168 38 326 558 120 32 302 438 504 30 296 396 192 488 294 386 78 536 270 170 374 534 264 128 62 446 266 134 564 408 242 14 206 410 252 74 518 174 254 84 560 390 146 86 566 414
pcell 1 7 1 0 73 73
0 152 300 482 6 176 420 312 8 182 444 528 240 180 434 486 24 272 432 480 150 290 372 72 512 288 362 12 200 540 360 2 158 554 366 26 278 204 368 36 320 516 168 38 326 558 120 32 302 438 504 30 296 396 192 488 294 386 78 536 270 170 374 534 264 128 62 446 266 134 86 566 414
pcell 1 7 1 1 63 63
0 152 300 432 2 158 324 552 360 156 314 492 48 392 312 482 6 422 318 506 126 56 320 516 168 368 36 518 174 410 72 512 150 374 78 536 270 170 80 542 294 386 132 540 288 362 198 530 246 50 398 528 240 8 182 444 242 14 206 564 408 12 200
pcell 2 6 0 0 79 79
0 152 300 432 480 150 290 372 72 512 288 362 12 200 540 360 2 158 554 366 26 278 204 368 36 320 516 168 38 326 558 120 32 302 506 126 56 422 318 128 62 446 534 264 60 440 510 246 50 398 198 530 48 392 156 314 492 390 146 86 566 414 266 134 564 408 242 14 206 410 252 74 518 174 254 84 560 144 248
pcell 2 6 0 1 79 79
0 152 300 432 480 150 290 372 72 512 288 362 12 200 540 360 2 158 554 366 26 278 204 368 36 320 516 168 38 326 558 120 32 302 506 126 56 422 318 128 62 446 534 264 60 440 510 246 50 398 198 530 48 392 156 314 492 390 146 86 566 414 266 134 564 408 242 14 206 410 252 74 518 174 254 84 560 144 248
pcell 2 6 1 0 79 79
0 152 300 482 6 176 420 312 8 182 444 528 240 180 434 486 24 272 432 480 150 290 372 72 512 288 362 12 200 540 360 2 158 554 366 26 278 204 368 36 320 516 168 38 326 558 120 32 302 506 126 56 422 318 128 62 446 534 264 60 440 510 246 50 398 198 530 48 392 156 314 492 390 146 254 84 560 144 248
pcell 2 6 1 1 79 79
0 152 300 482 6 176 420 312 8 182 444 528 240 180 434 486 24 272 432 480 150 290 372 72 512 288 362 12 200 540 360 2 158 554 366 26 278 204 368 36 320 516 168 38 326 558 120 32 302 506 126 56 422 318 128 62 446 534 264 60 440 510 246 50 398 198 530 48 392 156 314 492 390 146 254 84 560 144 248
pcell 3 5 0 0 91 91
0 152 300 432 480 150 290 372 72 512 288 362 12 200 540 360 2 158 554 366 26 278 204 368 36 320 516 168 38 326 558 120 32 302 438 504 30 296 396 192 488 294 386 78 536 270 170 374 534 264 128 62 446 266 134 564 408 242 14 206 410 252 74 518 174 254 84 560 144 248 60 440 510 246 50 398 198 530 48 392 156 314 492 390 146 86 566 414 132 80 542
pcell 3 5 0 1 91 91
0 152 300 432 480 150 290 372 72 512 288 362 12 200 540 360 2 158 554 366 26 278 204 368 36 320 516 168 38 326 558 120 32 302 438 504 30 296 396 192 488 294 386 78 536 270 170 374 534 264 128 62 446 266 134 564 408 242 14 206 410 252 74 518 174 254 84 560 144 248 60 440 510 246 50 398 198 530 48 392 156 314 492 390 146 86 566 414 132 80 542
pcell 3 5 1 0 91 0

pcell 3 5 1 1 91 0

pcell 0 9 0 0 66 66
0 152 300 432 480 150 290 372 72 512 288 362 12 200 540 360 2 158 554 366 26 278 204 368 36 320 516 168 38 326 558 120 32 302 438 504 30 296 396 192 488 294 386 78 536 270 170 374 534 264 128 444 528 240 8 182 530 246 50 398 198 248 60 440 510 144
pcell 0 9 0 1 61 61
0 152 300 432 480 150 290 372 72 512 288 362 12 200 540 360 2 158 554 366 26 278 204 368 36 320 516 168 38 326 558 120 32 302 506 126 56 422 318 128 62 446 534 264 60 440 510 246 50 398 198 530 48 392 156 314 492 390 146 254 84
pcell 0 9 1 0 61 61
0 152 300 432 2 158 324 552 360 156 314 492 48 392 312 482 6 422 318 506 126 56 320 516 168 368 36 518 174 410 72 512 150 374 78 536 270 170 80 542 294 386 132 540 288 362 198 530 246 50 398 528 240 8 182 444 242 14 206 564 408
pcell 0 9 1 1 56 56
0 152 300 432 2 158 324 552 360 156 314 492 48 392 312 482 6 422 318 506 126 56 320 516 168 368 36 518 174 410 72 512 150 290 372 510 144 248 60 440 146 254 558 384 122 38 326 386 132 80 542 294 134 86 566 414
pcell 1 8 0 0 77 77
0 152 300 432 480 150 290 372 72 512 288 362 12 200 540 360 2 158 554 366 26 278 204 368 36 320 516 168 38 326 558 120 32 302 506 126 56 422 318 128 62 446 534 264 60 440 510 246 50 398 198 530 48 392 156 314 492 390 146 86 566 414 266 134 564 408 242 14 206 410 252 74 518 174 254 84 560
pcell 1 8 0 1 77 77
0 152 300 432 480 150 290 372 72 512 288 362 12 200 540 360 2 158 554 366 26 278 204 368 36 320 516 168 38 326 558 120 32 302 506 126 56 422 318 128 62 446 534 264 60 440 510 246 50 398 198 530 48 392 156 314 492 390 146 86 566 414 266 134 564 408 242 14 206 410 252 74 518 174 254 84 560
pcell 1 8 1 0 77 77
0 152 300 482 6 176 420 312 8 182 444 528 240 180 434 486 24 272 432 480 150 290 372 72 512 288 362 12 200 540 360 2 158 554 366 26 278 204 368 36 320 516 168 38 326 558 120 32 302 506 126 56 422 318 128 62 446 534 264 60 440 510 246 50 398 198 530 48 392 156 314 492 390 146 254 84 560
pcell 1 8 1 1 72 72
0 152 300 432 2 158 324 552 360 156 314 492 48 392 312 482 6 422 318 506 126 56 320 516 168 368 36 518 174 410 72 512 150 290 372 510 144 248 60 440 146 254 558 384 122 38 326 386 132 80 542 294 134 86 416 276 194 494 54 278 204 554 366 26 206 564 408 242 14 566 414 266
pcell 2 7 0 0 88 88
0 152 300 432 480 150 290 372 72 512 288 362 12 200 540 360 2 158 554 366 26 278 204 368 36 320 516 168 38 326 558 120 32 302 438 504 30 296 396 192 488 294 386 78 536 270 170 374 534 264 128 62 446 266 134 564 408 242 14 206 410 252 74 518 174 254 84 560 144 248 60 440 510 246 50 398 198 530 48 392 156 314 492 390 146 86 566 414
pcell 2 7 0 1 88 88
0 152 300 432 480 150 290 372 72 512 288 362 12 200 540 360 2 158 554 366 26 278 204 368 36 320 516 168 38 326 558 120 32 302 438 504 30 296 396 192 488 294 386 78 536 270 170 374 534 264 128 62 446 266 134 564 408 242 14 206 410 252 74 518 174 254 84 560 144 248 60 440 510 246 50 398 198 530 48 392 156 314 492 390 146 86 566 414
pcell 2 7 1 0 88 0

pcell 2 7 1 1 88 0

pcell 0 10 0 0 70 70
0 152 300 432 480 150 290 372 72 512 288 362 12 200 540 360 2 158 554 366 26 278 204 368 36 320 516 168 38 326 558 120 32 302 438 504 30 296 396 192 488 294 386 78 536 270 170 374 534 264 128 62 446 266 134 564 408 242 14 206 410 252 74 518 174 254 84 560 390 146
pcell 0 10 0 1 65 65
0 152 300 432 480 150 290 372 72 512 288 362 12 200 540 360 2 158 554 366 26 278 204 368 36 320 516 168 38 326 558 120 32 302 438 504 30 296 396 192 488 294 386 78 536 270 170 374 534 264 128 444 528 240 8 182 530 246 50 398 198 248 60 440 510
pcell 0 10 1 0 65 65
0 152 300 432 2 158 324 552 360 156 314 492 48 392 312 482 6 422 318 506 126 56 320 516 168 368 36 518 174 410 72 512 150 290 372 510 144 248 60 440 146 254 558 384 122 38 326 386 132 80 296 396 192 488 30 398 198 530 246 50 200 540 288 362 12
pcell 0 10 1 1 60 60
0 152 300 432 2 158 324 552 360 156 314 492 48 392 312 482 6 422 318 506 126 56 320 516 168 368 36 518 174 410 72 512 150 374 78 536 270 170 80 542 294 386 132 540 288 362 198 530 246 50 398 528 240 8 182 444 242 14 206 564
pcell 1 9 0 0 81 81
0 152 300 432 480 150 290 372 72 512 288 362 12 200 540 360 2 158 554 366 26 278 204 368 36 320 516 168 38 326 558 120 32 302 438 504 30 296 396 192 488 294 386 78 536 270 170 374 534 264 128 444 528 6 176 420 312 482 174 410 252 74 518 408 242 14 206 564 240 8 182 530 246 50 398 198 248 60 440 510 144
pcell 1 9 0 1 81 81
0 152 300 432 480 150 290 372 72 512 288 362 12 200 540 360 2 158 554 366 26 278 204 368 36 320 516 168 38 326 558 120 32 302 438 504 30 296 194 494 54 416 276 492 48 392 156 314 50 398 198 248 60 440 510 144 62 446 534 264 128 444 528 6 176 420 312 482 174 410 252 74 518 408 242 14 206 564 240 8 182
pcell 1 9 1 0 81 81
0 152 300 482 6 176 420 312 8 182 444 528 240 180 434 486 24 272 432 480 150 290 372 72 512 288 362 12 200 540 360 2 158 554 366 26 278 204 368 36 320 516 168 38 326 558 120 32 302 438 504 34 308 626 127 58 428 342 130 68 470 654 265 66 464 630 247 52 404 222 650 49 394 162 338 612 391 148 260 108 680
pcell 1 9 1 1 76 76
0 152 300 432 2 158 324 552 360 156 314 492 48 392 312 482 6 422 318 506 126 56 320 516 168 368 36 518 174 410 72 512 150 374 78 536 270 170 80 542 294 386 132 540 288 362 198 530 246 50 398 528 240 8 182 444 242 14 566 414 266 134 86 416 276 194 494 54 278 204 554 366 26 206 564 408
pcell 2 8 0 0 92 92
0 152 300 432 480 150 290 372 72 512 288 362 12 200 540 360 2 158 554 366 26 278 204 368 36 320 516 168 38 326 558 120 32 302 506 126 56 422 318 128 62 536 270 170 374 78 272 180 434 486 24 182 444 528 240 8 446 534 264 60 440 510 246 50 398 198 530 48 392 156 314 492 390 146 86 566 414 266 134 564 408 242 14 206 410 252 74 518 174 254 84 560
pcell 2 8 0 1 92 92
0 152 300 432 480 150 290 372 72 512 288 362 12 200 540 360 2 158 554 366 26 278 204 368 36 320 516 168 38 326 558 120 32 302 506 126 56 422 318 128 62 536 270 170 374 78 272 180 434 486 24 182 444 528 240 8 446 534 264 60 440 510 246 50 398 198 530 48 392 156 314 492 390 146 86 566 414 266 134 564 408 242 14 206 410 252 74 518 174 254 84 560
pcell 2 8 1 0 92 0

pcell 2 8 1 1 92 0

pcell 0 11 0 0 74 74
0 152 300 432 480 150 290 372 72 512 288 362 12 200 540 360 2 158 554 366 26 278 204 368 36 320 516 168 38 326 558 120 32 302 438 504 30 296 396 192 488 294 386 78 536 270 170 374 534 264 128 62 446 266 134 86 416 276 194 56 422 318 506 126 420 312 482 6 176 314 492 48 392 156
pcell 0 11 0 1 69 69
0 152 300 432 480 150 290 372 72 512 288 362 12 200 540 360 2 158 554 366 26 278 204 368 36 320 516 168 38 326 558 120 32 302 438 504 30 296 396 192 488 294 386 78 536 270 170 374 534 264 128 62 446 266 134 564 408 242 14 206 410 252 74 518 174 254 84 560 390
pcell 0 11 1 0 69 69
0 152 300 432 2 158 324 552 360 156 314 492 48 392 312 482 6 422 318 506 126 56 320 516 168 368 36 518 174 410 72 512 150 290 372 510 144 248 60 440 146 254 558 384 122 38 326 386 132 80 542 294 134 86 416 276 194 494 54 278 204 554 366 26 206 564 408 242 14
pcell 0 11 1 1 64 64
0 152 300 432 2 158 324 552 360 156 314 492 48 392 312 482 6 422 318 506 126 56 320 516 168 368 36 518 174 410 72 512 150 290 372 510 144 248 60 440 146 254 558 384 122 38 326 386 132 80 296 396 192 488 30 398 198 530 246 50 200 540 288 362
pcell 1 10 0 0 85 85
0 152 300 432 480 150 290 372 72 512 288 362 12 200 540 360 2 158 554 366 26 278 204 368 36 320 516 168 38 326 558 120 32 302 438 504 30 296 396 192 488 294 386 78 536 270 170 374 534 264 128 62 446 266 134 564 408 242 14 206 410 252 74 518 174 254 84 560 144 248 60 440 510 246 50 398 198 530 48 392 156 314 492 390 146
pcell 1 10 0 1 85 85
0 152 300 432 480 150 290 372 72 512 288 362 12 200 540 360 2 158 554 366 26 278 204 368 36 320 516 168 38 326 558 120 32 302 438 504 30 296 396 192 488 294 386 78 536 270 170 374 534 264 128 62 446 266 134 564 408 242 14 206 410 252 74 518 174 254 84 560 144 248 60 440 510 246 50 398 198 530 48 392 156 314 492 390 146
pcell 1 10 1 0 85 85
0 152 300 482 6 176 420 312 8 182 444 528 240 180 434 486 24 272 432 480 150 290 372 72 512 288 362 12 200 540 360 2 158 554 366 26 278 204 368 36 320 516 168 38 326 558 120 32 302 438 504 30 296 396 192 488 294 386 78 536 270 170 374 534 264 128 62 446 266 134 564 408 242 14 206 410 252 74 518 174 254 84 560 390 146
pcell 1 10 1 1 80 80
0 152 300 432 2 158 324 552 360 156 314 492 48 392 312 482 6 422 318 506 126 56 320 516 168 368 36 518 174 410 72 512 150 290 372 510 144 62 446 534 264 128 444 528 240 8 182 530 246 50 200 540 288 362 12 542 294 386 132 80 296 396 486 24 272 180 434 26 278 204 554 366 276 194 494 54 416 192 488 30
pcell 2 9 0 0 96 96
0 152 300 432 480 150 290 372 72 512 288 362 12 200 540 360 2 158 554 366 26 278 204 368 36 320 516 168 38 326 558 120 32 302 438 504 30 296 396 192 488 294 386 78 536 270 170 374 534 264 128 444 528 6 176 314 492 48 392 156 494 54 416 276 194 56 422 318 506 126 420 312 482 174 410 252 74 518 408 242 14 206 564 240 8 182 530 246 50 398 198 248 60 440 510 144
pcell 2 9 0 1 96 96
0 152 300 432 480 150 290 372 72 512 288 362 12 200 540 360 2 158 554 366 26 278 204 368 36 320 516 168 38 326 558 120 32 302 438 504 30 296 194 494 54 416 276 492 48 392 156 314 50 398 198 248 60 440 510 144 62 446 266 134 86 566 414 132 80 542 294 386 78 536 270 170 374 534 264 128 444 528 6 176 420 312 482 174 410 252 74 518 408 242 14 206 564 240 8 182
pcell 2 9 1 0 96 0

pcell 2 9 1 1 96 0

pcell 0 12 0 0 83 83
0 152 300 432 480 150 290 372 72 512 288 362 12 200 540 360 2 158 554 366 26 278 204 368 36 320 516 168 38 326 558 120 32 302 438 504 30 296 396 192 488 294 386 78 536 270 170 374 534 264 128 62 446 266 134 564 408 242 14 206 410 252 74 518 174 254 84 560 144 248 60 440 510 246 50 398 198 530 48 392 156 314 492
pcell 0 12 0 1 73 73
0 152 300 432 480 150 290 372 72 512 288 362 12 200 540 360 2 158 554 366 26 278 204 368 36 320 516 168 38 326 558 120 32 302 438 504 30 296 396 192 488 294 386 78 536 270 170 374 534 264 128 62 446 266 134 86 416 276 194 56 422 318 506 126 420 312 482 6 176 314 492 48 392
pcell 0 12 1 0 73 73
0 152 300 432 2 158 324 552 360 156 314 492 48 392 312 482 6 422 318 506 126 56 320 516 168 368 36 518 174 410 72 512 150 290 372 510 144 248 60 440 146 254 558 384 122 38 326 386 132 80 542 294 134 86 566 264 128 62 536 270 170 374 78 272 180 434 486 24 182 444 528 240 8
pcell 0 12 1 1 68 68
0 152 300 432 2 158 324 552 360 156 314 492 48 392 312 482 6 422 318 506 126 56 320 516 168 368 36 518 174 410 72 512 150 290 372 510 144 248 60 440 146 254 558 384 122 38 326 386 132 80 542 294 134 86 416 276 194 494 54 278 204 554 366 26 206 564 408 242
pcell 1 11 0 0 89 89
0 152 300 432 480 150 290 372 72 512 288 362 12 200 540 360 2 158 554 366 26 278 204 368 36 320 516 168 38 326 558 120 32 302 438 504 30 296 396 192 488 294 386 78 536 270 170 374 534 264 128 62 446 266 134 86 416 276 194 56 422 318 506 126 420 312 482 6 176 314 492 390 146 254 84 560 144 248 60 440 510 246 50 398 198 530 48 392 156
pcell 1 11 0 1 89 89
0 152 300 432 480 150 290 372 72 512 288 362 12 200 540 360 2 158 554 366 26 278 204 368 36 320 516 168 38 326 558 120 32 302 438 504 30 296 396 192 488 294 386 78 536 270 170 374 534 264 128 62 446 266 134 86 416 276 194 56 422 318 506 126 420 312 482 6 176 314 492 390 146 254 84 560 144 248 60 440 510 246 50 398 198 530 48 392 156
pcell 1 11 1 0 89 89
0 152 300 482 6 176 420 312 8 182 444 528 240 180 434 486 24 272 432 480 150 290 372 72 512 288 362 12 200 540 360 2 158 554 366 26 278 204 368 36 320 516 168 38 326 558 120 32 302 506 126 56 422 318 128 62 446 534 264 60 440 510 246 50 398 198 530 48 392 156 314 492 390 146 86 566 414 266 134 564 408 242 14 206 410 252 74 518 174
pcell 1 11 1 1 84 84
0 152 300 432 2 158 324 552 360 156 314 492 48 392 312 482 6 422 318 506 126 56 320 516 168 368 36 518 174 410 72 512 150 290 372 510 144 248 60 440 146 254 558 384 122 38 326 386 132 80 542 294 134 86 416 276 194 494 54 278 204 554 366 26 206 564 408 12 200 540 288 362 198 530 246 50 398 528 240 8 182 444 242 14
pcell 2 10 0 0 100 100
0 152 300 432 480 150 290 372 72 512 288 362 12 200 540 360 2 158 554 366 26 278 204 368 36 320 516 168 38 326 558 120 32 302 438 504 30 296 396 192 488 294 386 78 536 270 170 374 534 264 128 62 446 266 134 564 408 242 14 206 410 252 74 518 174 254 84 560 144 248 60 440 510 246 50 398 198 530 48 392 156 494 54 416 276 194 56 422 318 506 126 420 312 482 6 176 314 492 390 146
pcell 2 10 0 1 100 100
0 152 300 432 480 150 290 372 72 512 288 362 12 200 540 360 2 158 554 366 26 278 204 368 36 320 516 168 38 326 558 120 32 302 438 504 30 296 396 192 488 294 386 78 536 270 170 374 534 264 128 62 446 266 134 564 408 242 14 206 410 252 74 518 174 254 84 560 144 248 60 440 510 246 50 398 198 530 48 392 156 494 54 416 276 194 56 422 318 506 126 420 312 482 6 176 314 492 390 146
pcell 2 10 1 0 100 0

pcell 2 10 1 1 100 0

pcell 0 13 0 0 83 83
0 152 300 432 480 150 290 372 72 512 288 362 12 200 540 360 2 158 554 366 26 278 204 368 36 320 516 168 38 326 558 120 32 302 438 504 30 296 396 192 488 294 386 78 536 270 170 374 534 264 128 62 446 266 134 564 408 242 14 206 410 252 74 518 174 254 84 560 144 248 60 440 510 246 50 398 198 530 48 392 156 314 492
pcell 0 13 0 1 82 82
0 152 300 432 480 150 290 372 72 512 288 362 12 200 540 360 2 158 554 366 26 278 204 368 36 320 516 168 38 326 558 120 32 302 438 504 30 296 396 192 488 294 386 78 536 270 170 374 534 264 128 62 446 266 134 564 408 242 14 206 410 252 74 518 174 254 84 560 144 248 60 440 510 246 50 398 198 530 48 392 156 314
pcell 0 13 1 0 82 82
0 152 300 432 2 158 324 552 360 156 314 492 48 392 312 482 6 422 318 506 126 56 320 516 168 368 36 518 174 410 72 512 150 290 372 510 144 248 60 440 146 254 558 384 122 38 326 386 132 80 542 294 134 86 416 276 194 494 54 278 204 554 366 26 206 564 408 12 200 540 288 362 198 530 246 50 398 528 240 8 182 444
pcell 0 13 1 1 72 72
0 152 300 432 2 158 324 552 360 156 314 492 48 392 312 482 6 422 318 506 126 56 320 516 168 368 36 518 174 410 72 512 150 290 372 510 144 248 60 440 146 254 558 384 122 38 326 386 132 80 542 294 134 86 566 264 128 62 536 270 170 374 78 272 180 434 486 24 182 444 528 240
pcell 1 12 0 0 98 98
0 152 300 432 480 150 290 372 72 512 288 362 12 200 540 360 2 158 554 366 26 278 204 368 36 320 516 168 38 326 558 120 32 302 438 504 30 296 396 192 488 294 386 78 536 270 170 374 534 264 128 62 446 266 134 564 408 242 14 206 410 252 74 518 174 254 84 560 144 248 60 440 510 246 50 398 198 530 48 392 156 494 54 416 276 194 56 422 318 506 126 420 312 482 6 176 314 492
pcell 1 12 0 1 98 98
0 152 300 432 480 150 290 372 72 512 288 362 12 200 540 360 2 158 554 366 26 278 204 368 36 320 516 168 38 326 558 120 32 302 438 504 30 296 396 192 488 294 386 78 536 270 170 374 534 264 128 62 446 266 134 564 408 242 14 206 410 252 74 518 174 254 84 560 144 248 60 440 510 246 50 398 198 530 48 392 156 494 54 416 276 194 56 422 318 506 126 420 312 482 6 176 314 492
pcell 1 12 1 0 98 98
0 152 300 482 6 176 420 312 8 182 444 528 240 180 434 486 24 272 432 480 150 290 372 72 512 288 362 12 200 540 360 2 158 554 366 26 278 204 368 36 320 516 168 38 326 558 120 32 302 438 504 30 296 396 192 488 294 386 78 536 270 170 374 534 264 128 62 446 266 134 564 408 242 14 206 410 252 74 518 174 254 84 560 144 248 60 440 510 246 50 398 198 530 48 392 156 314 492
pcell 1 12 1 1 88 0

pcell 0 14 0 0 96 96
0 152 300 432 480 150 290 372 72 512 288 362 12 200 540 360 2 158 554 366 26 278 204 368 36 320 516 168 38 326 558 120 32 302 438 504 30 296 396 192 488 294 386 78 536 270 170 374 534 264 128 62 446 266 134 564 408 242 14 206 410 252 74 518 174 254 84 560 144 248 60 440 510 246 50 398 198 530 48 392 156 494 54 416 276 194 56 422 318 506 126 420 312 482 6 176
pcell 0 14 0 1 82 82
0 152 300 432 480 150 290 372 72 512 288 362 12 200 540 360 2 158 554 366 26 278 204 368 36 320 516 168 38 326 558 120 32 302 438 504 30 296 396 192 488 294 386 78 536 270 170 374 534 264 128 62 446 266 134 564 408 242 14 206 410 252 74 518 174 254 84 560 144 248 60 440 510 246 50 398 198 530 48 392 156 314
pcell 0 14 1 0 82 82
0 152 300 432 2 158 324 552 360 156 314 492 48 392 312 482 6 422 318 506 126 56 320 516 168 368 36 518 174 410 72 512 150 290 372 510 144 248 60 440 146 254 558 384 122 38 326 386 132 80 542 294 134 86 416 276 194 494 54 278 204 554 366 26 206 564 408 12 200 540 288 362 198 530 246 50 398 528 240 8 182 444
pcell 0 14 1 1 81 81
0 152 300 432 2 158 324 552 360 156 314 492 48 392 312 482 6 422 318 506 126 56 320 516 168 368 36 518 174 410 72 512 150 290 372 510 144 248 60 440 146 254 558 384 122 38 326 386 132 80 542 294 134 86 416 276 194 494 54 278 204 554 366 26 206 564 408 12 200 540 288 362 198 530 246 50 398 528 240 8 182
pcell 1 13 0 0 98 98
0 152 300 432 480 150 290 372 72 512 288 362 12 200 540 360 2 158 554 366 26 278 204 368 36 320 516 168 38 326 558 120 32 302 438 504 30 296 396 192 488 294 386 78 536 270 170 374 534 264 128 62 446 266 134 564 408 242 14 206 410 252 74 518 174 254 84 560 144 248 60 440 510 246 50 398 198 530 48 392 156 494 54 416 276 194 56 422 318 506 126 420 312 482 6 176 314 492
pcell 1 13 0 1 98 98
0 152 300 432 480 150 290 372 72 512 288 362 12 200 540 360 2 158 554 366 26 278 204 368 36 320 516 168 38 326 558 120 32 302 438 504 30 296 396 192 488 294 386 78 536 270 170 374 534 264 128 62 446 266 134 564 408 242 14 206 410 252 74 518 174 254 84 560 144 248 60 440 510 246 50 398 198 530 48 392 156 494 54 416 276 194 56 422 318 506 126 420 312 482 6 176 314 492
pcell 1 13 1 0 98 98
0 152 300 482 6 176 420 312 8 182 444 528 240 180 434 486 24 272 432 480 150 290 372 72 512 288 362 12 200 540 360 2 158 554 366 26 278 204 368 36 320 516 168 38 326 558 120 32 302 438 504 30 296 396 192 488 294 386 78 536 270 170 374 534 264 128 62 446 266 134 564 408 242 14 206 410 252 74 518 174 254 84 560 144 248 60 440 510 246 50 398 198 530 48 392 156 314 492
pcell 1 13 1 1 97 0

pcell 0 15 0 0 96 96
0 152 300 432 480 150 290 372 72 512 288 362 12 200 540 360 2 158 554 366 26 278 204 368 36 320 516 168 38 326 558 120 32 302 438 504 30 296 396 192 488 294 386 78 536 270 170 374 534 264 128 62 446 266 134 564 408 242 14 206 410 252 74 518 174 254 84 560 144 248 60 440 510 246 50 398 198 530 48 392 156 494 54 416 276 194 56 422 318 506 126 420 312 482 6 176
pcell 0 15 0 1 95 95
0 152 300 432 480 150 290 372 72 512 288 362 12 200 540 360 2 158 554 366 26 278 204 368 36 320 516 168 38 326 558 120 32 302 438 504 30 296 396 192 488 294 386 78 536 270 170 374 534 264 128 62 446 266 134 564 408 242 14 206 410 252 74 518 174 254 84 560 144 248 60 440 510 246 50 398 198 530 48 392 156 494 54 416 276 194 56 422 318 506 126 420 312 482 6
pcell 0 15 1 0 95 95
0 152 300 432 2 158 324 552 360 156 314 492 48 392 312 482 6 422 318 506 126 56 320 516 168 368 36 518 174 410 72 512 150 290 372 510 144 248 60 440 146 254 558 384 122 38 326 386 132 80 542 294 134 86 416 276 194 494 54 278 204 554 366 26 206 564 408 12 200 540 288 362 198 530 246 50 398 528 240 8 446 534 264 128 62 536 270 170 374 78 272 180 434 486 24
pcell 0 15 1 1 81 81
0 152 300 432 2 158 324 552 360 156 314 492 48 392 312 482 6 422 318 506 126 56 320 516 168 368 36 518 174 410 72 512 150 290 372 510 144 248 60 440 146 254 558 384 122 38 326 386 132 80 542 294 134 86 416 276 194 494 54 278 204 554 366 26 206 564 408 12 200 540 288 362 198 530 246 50 398 528 240 8 182
pcell 1 14 0 0 106 106
0 152 300 432 480 150 290 372 72 512 288 362 12 542 294 386 132 80 296 396 192 488 30 398 198 530 48 392 156 314 492 390 146 254 84 560 144 248 438 504 120 32 302 506 126 56 422 318 128 62 536 270 170 374 78 272 180 434 486 24 182 444 528 6 176 420 312 482 174 410 252 74 518 408 242 14 566 414 266 134 86 416 276 194 494 54 278 204 368 36 320 516 168 38 326 558 384 122 324 552 360 2 158 554 366 26
pcell 1 14 0 1 106 106
0 152 300 432 480 150 290 372 72 512 288 362 12 542 294 386 132 80 296 396 192 488 30 398 198 530 48 392 156 314 492 390 146 254 84 560 144 248 438 504 120 32 302 506 126 56 422 318 128 62 536 270 170 374 78 272 180 434 486 24 182 444 528 6 176 420 312 482 174 410 252 74 518 408 242 14 566 414 266 134 86 416 276 194 494 54 278 204 368 36 320 516 168 38 326 558 384 122 324 552 360 2 158 554 366 26
pcell 1 14 1 0 106 106
0 152 300 482 6 176 420 312 8 182 444 528 240 180 434 486 24 272 432 480 150 290 372 72 512 288 362 12 200 540 360 2 158 554 366 26 278 204 368 36 320 516 168 38 326 558 120 32 302 438 504 30 296 396 192 488 294 386 78 536 270 170 374 534 264 128 62 446 266 134 564 408 242 14 206 410 252 74 518 174 254 84 560 144 248 60 440 510 246 50 398 198 530 48 392 156 494 54 416 276 194 56 422 318 506 126
pcell 1 14 1 1 97 0

pcell 0 16 0 0 96 96
0 152 300 432 480 150 290 372 72 512 288 362 12 200 540 360 2 158 554 366 26 278 204 368 36 320 516 168 38 326 558 120 32 302 438 504 30 296 396 192 488 294 386 78 536 270 170 374 534 264 128 62 446 266 134 564 408 242 14 206 410 252 74 518 174 254 84 560 144 248 60 440 510 246 50 398 198 530 48 392 156 494 54 416 276 194 56 422 318 506 126 420 312 482 6 176
pcell 0 16 0 1 95 95
0 152 300 432 480 150 290 372 72 512 288 362 12 200 540 360 2 158 554 366 26 278 204 368 36 320 516 168 38 326 558 120 32 302 438 504 30 296 396 192 488 294 386 78 536 270 170 374 534 264 128 62 446 266 134 564 408 242 14 206 410 252 74 518 174 254 84 560 144 248 60 440 510 246 50 398 198 530 48 392 156 494 54 416 276 194 56 422 318 506 126 420 312 482 6
pcell 0 16 1 0 95 95
0 152 300 432 2 158 324 552 360 156 314 492 48 392 312 482 6 422 318 506 126 56 320 516 168 368 36 518 174 410 72 512 150 290 372 510 144 248 60 440 146 254 558 384 122 38 326 386 132 80 542 294 134 86 416 276 194 494 54 278 204 554 366 26 206 564 408 12 200 540 288 362 198 530 246 50 398 528 240 8 446 534 264 128 62 536 270 170 374 78 272 180 434 486 24
pcell 0 16 1 1 94 94
0 152 300 432 2 158 324 552 360 156 314 492 48 392 312 482 6 422 318 506 126 56 320 516 168 368 36 518 174 410 72 512 150 290 372 510 144 248 60 440 146 254 558 384 122 38 326 386 132 80 542 294 134 86 416 276 194 494 54 278 204 554 366 26 206 564 408 12 200 540 288 362 198 530 246 50 398 528 240 8 446 534 264 128 62 536 270 170 374 78 272 180 434 486
pcell 1 15 0 0 106 106
0 152 300 432 480 150 290 372 72 512 288 362 12 542 294 386 132 80 296 396 192 488 30 398 198 530 48 392 156 314 492 390 146 254 84 560 144 248 438 504 120 32 302 506 126 56 422 318 128 62 536 270 170 374 78 272 180 434 486 24 182 444 528 6 176 420 312 482 174 410 252 74 518 408 242 14 566 414 266 134 86 416 276 194 494 54 278 204 368 36 320 516 168 38 326 558 384 122 324 552 360 2 158 554 366 26
pcell 1 15 0 1 106 106
0 152 300 432 480 150 290 372 72 512 288 362 12 542 294 386 132 80 296 396 192 488 30 398 198 530 48 392 156 314 492 390 146 254 84 560 144 248 438 504 120 32 302 506 126 56 422 318 128 62 536 270 170 374 78 272 180 434 486 24 182 444 528 6 176 420 312 482 174 410 252 74 518 408 242 14 566 414 266 134 86 416 276 194 494 54 278 204 368 36 320 516 168 38 326 558 384 122 324 552 360 2 158 554 366 26
pcell 1 15 1 0 106 0

pcell 1 15 1 1 105 0

pcell 0 17 0 0 103 103
0 152 300 432 480 150 290 372 72 512 288 362 12 200 540 360 2 158 554 366 26 278 204 368 36 320 516 168 38 326 558 120 32 302 438 504 30 296 396 192 488 294 386 78 536 270 170 374 534 264 128 62 446 266 134 564 408 242 14 206 410 252 74 518 174 254 84 560 144 248 60 440 510 246 50 398 198 530 48 392 156 494 54 416 276 194 56 422 318 506 126 420 312 8 182 444 528 240 180 434 486 24 272
pcell 0 17 0 1 95 95
0 152 300 432 480 150 290 372 72 512 288 362 12 200 540 360 2 158 554 366 26 278 204 368 36 320 516 168 38 326 558 120 32 302 438 504 30 296 396 192 488 294 386 78 536 270 170 374 534 264 128 62 446 266 134 564 408 242 14 206 410 252 74 518 174 254 84 560 144 248 60 440 510 246 50 398 198 530 48 392 156 494 54 416 276 194 56 422 318 506 126 420 312 482 6
pcell 0 17 1 0 95 95
0 152 300 432 2 158 324 552 360 156 314 492 48 392 312 482 6 422 318 506 126 56 320 516 168 368 36 518 174 410 72 512 150 290 372 510 144 248 60 440 146 254 558 384 122 38 326 386 132 80 542 294 134 86 416 276 194 494 54 278 204 554 366 26 206 564 408 12 200 540 288 362 198 530 246 50 398 528 240 8 446 534 264 128 62 536 270 170 374 78 272 180 434 486 24
pcell 0 17 1 1 94 94
0 152 300 432 2 158 324 552 360 156 314 492 48 392 312 482 6 422 318 506 126 56 320 516 168 368 36 518 174 410 72 512 150 290 372 510 144 248 60 440 146 254 558 384 122 38 326 386 132 80 542 294 134 86 416 276 194 494 54 278 204 554 366 26 206 564 408 12 200 540 288 362 198 530 246 50 398 528 240 8 446 534 264 128 62 536 270 170 374 78 272 180 434 486
pcell 0 18 0 0 103 103
0 152 300 432 480 150 290 372 72 512 288 362 12 200 540 360 2 158 554 366 26 278 204 368 36 320 516 168 38 326 558 120 32 302 438 504 30 296 396 192 488 294 386 78 536 270 170 374 534 264 128 62 446 266 134 564 408 242 14 206 410 252 74 518 174 254 84 560 144 248 60 440 510 246 50 398 198 530 48 392 156 494 54 416 276 194 56 422 318 506 126 420 312 8 182 444 528 240 180 434 486 24 272
pcell 0 18 0 1 102 102
0 152 300 432 480 150 290 372 72 512 288 362 12 200 540 360 2 158 554 366 26 278 204 368 36 320 516 168 38 326 558 120 32 302 438 504 30 296 396 192 488 294 386 78 536 270 170 374 534 264 128 62 446 266 134 564 408 242 14 206 410 252 74 518 174 254 84 560 144 248 60 440 510 246 50 398 198 530 48 392 156 494 54 416 276 194 56 422 318 506 126 420 312 8 182 444 528 240 180 434 486 24
pcell 0 18 1 0 102 102
0 152 300 432 2 158 324 552 360 156 314 492 48 392 312 482 6 422 318 506 126 56 320 516 168 368 36 518 174 410 72 512 150 290 372 510 144 248 60 440 146 254 558 384 122 38 326 386 132 80 542 294 134 86 416 276 194 494 54 278 204 554 366 26 206 564 408 12 200 540 288 362 198 530 246 50 398 528 240 8 446 534 264 128 62 536 270 170 374 78 272 180 488 30 296 396 192 32 302 438 504 120
pcell 0 18 1 1 94 94
0 152 300 432 2 158 324 552 360 156 314 492 48 392 312 482 6 422 318 506 126 56 320 516 168 368 36 518 174 410 72 512 150 290 372 510 144 248 60 440 146 254 558 384 122 38 326 386 132 80 542 294 134 86 416 276 194 494 54 278 204 554 366 26 206 564 408 12 200 540 288 362 198 530 246 50 398 528 240 8 446 534 264 128 62 536 270 170 374 78 272 180 434 486
pcell 0 19 0 0 106 106
0 152 300 432 480 150 290 372 72 512 288 362 12 200 540 360 2 158 554 366 26 278 204 368 36 320 516 168 38 326 558 120 32 302 438 504 30 296 396 192 488 294 137 94 596 679 135 88 572 463 629 84 560 144 248 60 440 510 246 50 398 198 530 48 392 156 494 54 416 276 194 56 422 318 506 126 420 312 482 174 410 252 74 518 408 242 14 206 564 240 8 446 534 264 128 62 536 270 170 374 78 272 180 434 486 24
pcell 0 19 0 1 102 102
0 152 300 432 480 150 290 372 72 512 288 362 12 200 540 360 2 158 554 366 26 278 204 368 36 320 516 168 38 326 558 120 32 302 438 504 30 296 396 192 488 294 386 78 536 270 170 374 534 264 128 62 446 266 134 564 408 242 14 206 410 252 74 518 174 254 84 560 144 248 60 440 510 246 50 398 198 530 48 392 156 494 54 416 276 194 56 422 318 506 126 420 312 8 182 444 528 240 180 434 486 24
pcell 0 19 1 0 102 102
0 152 300 432 2 158 324 552 360 156 314 492 48 392 312 482 6 422 318 506 126 56 320 516 168 368 36 518 174 410 72 512 150 290 372 510 144 248 60 440 146 254 558 384 122 38 326 386 132 80 542 294 134 86 416 276 194 494 54 278 204 554 366 26 206 564 408 12 200 540 288 362 198 530 246 50 398 528 240 8 446 534 264 128 62 536 270 170 374 78 272 180 488 30 296 396 192 32 302 438 504 120
