L6-PIECECERT-1
# pcell <b> <d> <fp> <lp> <cap> <nports>, then the ports
# cap = -1 claims the mask is unreachable and carries no witness
pcell 0 0 0 0 20 20
0 152 300 432 480 150 290 372 72 512 288 362 12 200 540 360 2 158 324 552
pcell 0 0 0 1 -1 0

pcell 0 0 1 0 -1 0

pcell 0 0 1 1 -1 0

pcell 0 1 0 0 20 20
0 152 300 432 480 150 290 372 72 512 288 362 12 200 540 360 2 158 324 552
pcell 0 1 0 1 19 19
0 152 300 432 480 150 290 372 72 512 288 362 12 200 540 360 2 158 324
pcell 0 1 1 0 19 19
0 152 300 432 2 158 324 552 360 156 314 492 48 392 312 482 6 176 420
pcell 0 1 1 1 4 4
0 152 300 432
pcell 1 0 0 0 35 35
0 152 300 432 480 150 290 372 72 512 288 362 12 200 540 360 2 158 554 366 26 278 204 368 36 320 516 168 38 326 558 384 122 324 552
pcell 1 0 0 1 35 35
0 152 300 432 480 150 290 372 72 512 288 362 12 200 540 360 2 158 554 366 26 278 204 368 36 320 516 168 38 326 558 384 122 324 552
pcell 1 0 1 0 35 35
0 152 300 482 6 176 420 312 8 182 444 528 240 180 434 486 24 272 432 480 150 290 372 72 512 288 362 12 200 540 360 2 158 324 552
pcell 1 0 1 1 20 20
0 152 300 432 2 158 324 552 360 156 314 492 48 392 312 482 6 176 420 480
pcell 0 2 0 0 33 33
0 152 300 432 480 150 290 372 72 512 288 362 12 200 540 360 2 158 554 366 26 278 204 368 36 320 516 168 38 326 558 384 122
pcell 0 2 0 1 19 19
0 152 300 432 480 150 290 372 72 512 288 362 12 200 540 360 2 158 324
pcell 0 2 1 0 19 19
0 152 300 432 2 158 324 552 360 156 314 492 48 392 312 482 6 176 420
pcell 0 2 1 1 18 18
0 152 300 432 2 158 324 552 360 156 314 492 48 392 312 482 6 176
pcell 1 1 0 0 35 35
0 152 300 432 480 150 290 372 72 512 288 362 12 200 540 360 2 158 554 366 26 278 204 368 36 320 516 168 38 326 558 384 122 324 552
pcell 1 1 0 1 35 35
0 152 300 432 480 150 290 372 72 512 288 362 12 200 540 360 2 158 554 366 26 278 204 368 36 320 516 168 38 326 558 384 122 324 552
pcell 1 1 1 0 35 35
0 152 300 482 6 176 420 312 8 182 444 528 240 180 434 486 24 272 432 480 150 290 372 72 512 288 362 12 200 540 360 2 158 324 552
pcell 1 1 1 1 34 34
0 152 300 432 2 158 324 552 360 156 314 492 48 392 312 482 6 422 318 506 126 56 320 516 168 368 36 518 174 410 252 74 176 420
pcell 2 0 0 0 50 50
0 152 300 432 480 150 290 372 72 512 288 362 12 200 540 360 2 158 554 366 26 278 204 368 36 320 516 168 38 326 558 120 32 302 438 504 30 296 396 192 488 294 386 132 80 542 384 122 324 552
pcell 2 0 0 1 50 50
0 152 300 432 480 150 290 372 72 512 288 362 12 200 540 360 2 158 554 366 26 278 204 368 36 320 516 168 38 326 558 120 32 302 438 504 30 296 396 192 488 294 386 132 80 542 384 122 324 552
pcell 2 0 1 0 50 50
0 152 300 482 6 176 420 312 8 182 444 528 240 180 434 486 24 272 432 480 150 290 372 72 512 288 362 12 200 540 360 2 158 554 366 26 278 204 368 36 320 516 168 38 326 558 384 122 324 552
pcell 2 0 1 1 50 50
0 152 300 482 6 176 420 312 8 182 444 528 240 180 434 486 24 272 432 480 150 290 372 72 512 288 362 12 200 540 360 2 158 554 366 26 278 204 368 36 320 516 168 38 326 558 384 122 324 552
