0 0 0 0 20
0 0 0 1 -1
0 0 1 0 -1
0 0 1 1 -1
0 1 0 0 20
0 1 0 1 19
0 1 1 0 19
0 1 1 1 4
1 0 0 0 35
1 0 0 1 35
1 0 1 0 35
1 0 1 1 20
0 2 0 0 33
0 2 0 1 19
0 2 1 0 19
0 2 1 1 18
1 1 0 0 35
1 1 0 1 35
1 1 1 0 35
1 1 1 1 34
2 0 0 0 50
2 0 0 1 50
2 0 1 0 50
2 0 1 1 50
0 3 0 0 33
0 3 0 1 32
0 3 1 0 32
0 3 1 1 18
1 2 0 0 48
1 2 0 1 48
1 2 1 0 48
1 2 1 1 34
2 1 0 0 50
2 1 0 1 50
2 1 1 0 50
2 1 1 1 50
3 0 0 0 65
3 0 0 1 65
3 0 1 0 65
3 0 1 1 65
0 4 0 0 46
0 4 0 1 32
0 4 1 0 32
0 4 1 1 31
1 3 0 0 48
1 3 0 1 48
1 3 1 0 48
1 3 1 1 47
2 2 0 0 63
2 2 0 1 63
2 2 1 0 63
2 2 1 1 63
3 1 0 0 65
3 1 0 1 65
3 1 1 0 65
3 1 1 1 65
4 0 0 0 80
4 0 0 1 80
4 0 1 0 80
4 0 1 1 80
0 5 0 0 46
0 5 0 1 45
0 5 1 0 45
0 5 1 1 31
1 4 0 0 61
1 4 0 1 61
1 4 1 0 61
1 4 1 1 47
2 3 0 0 63
2 3 0 1 63
2 3 1 0 63
2 3 1 1 63
3 2 0 0 78
3 2 0 1 78
3 2 1 0 78
3 2 1 1 78
0 6 0 0 49
0 6 0 1 45
0 6 1 0 45
0 6 1 1 44
1 5 0 0 61
1 5 0 1 61
1 5 1 0 61
1 5 1 1 60
2 4 0 0 76
2 4 0 1 76
2 4 1 0 76
2 4 1 1 76
3 3 0 0 78
3 3 0 1 78
3 3 1 0 78
3 3 1 1 78
0 7 0 0 58
0 7 0 1 48
0 7 1 0 48
0 7 1 1 44
1 6 0 0 64
1 6 0 1 64
1 6 1 0 64
1 6 1 1 60
2 5 0 0 76
2 5 0 1 76
2 5 1 0 76
2 5 1 1 76
3 4 0 0 91
3 4 0 1 91
3 4 1 0 91
3 4 1 1 91
0 8 0 0 62
0 8 0 1 57
0 8 1 0 57
0 8 1 1 47
1 7 0 0 73
1 7 0 1 73
1 7 1 0 73
1 7 1 1 63
2 6 0 0 79
2 6 0 1 79
2 6 1 0 79
2 6 1 1 79
3 5 0 0 91
3 5 0 1 91
3 5 1 0 91
3 5 1 1 91
0 9 0 0 66
0 9 0 1 61
0 9 1 0 61
0 9 1 1 56
1 8 0 0 77
1 8 0 1 77
1 8 1 0 77
1 8 1 1 72
2 7 0 0 88
2 7 0 1 88
2 7 1 0 88
2 7 1 1 88
0 10 0 0 70
0 10 0 1 65
0 10 1 0 65
0 10 1 1 60
1 9 0 0 81
1 9 0 1 81
1 9 1 0 81
1 9 1 1 76
2 8 0 0 92
2 8 0 1 92
2 8 1 0 92
2 8 1 1 92
0 11 0 0 74
0 11 0 1 69
0 11 1 0 69
0 11 1 1 64
1 10 0 0 85
1 10 0 1 85
1 10 1 0 85
1 10 1 1 80
2 9 0 0 96
2 9 0 1 96
2 9 1 0 96
2 9 1 1 96
0 12 0 0 83
0 12 0 1 73
0 12 1 0 73
0 12 1 1 68
1 11 0 0 89
1 11 0 1 89
1 11 1 0 89
1 11 1 1 84
2 10 0 0 100
2 10 0 1 100
2 10 1 0 100
2 10 1 1 100
0 13 0 0 83
0 13 0 1 82
0 13 1 0 82
0 13 1 1 72
1 12 0 0 98
1 12 0 1 98
1 12 1 0 98
1 12 1 1 88
0 14 0 0 96
0 14 0 1 82
0 14 1 0 82
0 14 1 1 81
1 13 0 0 98
1 13 0 1 98
1 13 1 0 98
1 13 1 1 97
0 15 0 0 96
0 15 0 1 95
0 15 1 0 95
0 15 1 1 81
1 14 0 0 106
1 14 0 1 106
1 14 1 0 106
1 14 1 1 97
0 16 0 0 96
0 16 0 1 95
0 16 1 0 95
0 16 1 1 94
1 15 0 0 106
1 15 0 1 106
1 15 1 0 106
1 15 1 1 105
0 17 0 0 103
0 17 0 1 95
0 17 1 0 95
0 17 1 1 94
0 18 0 0 103
0 18 0 1 102
0 18 1 0 102
0 18 1 1 94
0 19 0 0 106
0 19 0 1 102
0 19 1 0 102
0 19 1 1 101
0 20 0 0 106
0 20 0 1 105
0 20 1 0 105
0 20 1 1 101
