  n            Liu       T3 a=n-1   T3 a=(n-1)/2          T3 C1 ratio LL/Liu
  5              1              1              1              1      1.00000
  6              2              1              2              4      1.00000
  7              8              4              7             11      0.87500
  8             33             15             31             44      0.93939
  9            172             80            163            219      0.94767
 10           1073            504           1021           1322      0.95154
 11           7747           3666           7406           9305      0.95598
 12          63555          30240          60989          74821      0.95963
 13         584009         279139         562209         676556      0.96267
 14        5942830        2851200        5736546        6794349      0.96529
 15       66348502       31933440       64196091       75024347      0.96756
 16      806425081      389188800      781868083      903401982      0.96955
 17    10600827237     5128134777    10296648567    11780850163      0.97131
 18   149869225917    72648576000   145803413854   165397548522      0.97287
 19  2267576536124  1101199467790  2209238683826  2487324672000      0.97427
 20 36562253246838 17784371404800 35667820087622 39890178851888      0.97554
 25 91881641836664799139 44960029111104307200 90076713375905841952 98296641592718542358      0.98036
 30 738918435257684577601500417 362962315013945072025600000 726789856046993707989282480 780764006688127683742647888      0.98359
 40 697254670086289834791512859345586026684297 344093827280658626157899489539522560000000 688640707658460976642537490586009600000000 725916193569189606884118284663531285496184      0.98765
