0 0 0 20
1 0 0 35
2 0 0 50
3 0 0 65
0 0 1 20
0 0 1 20
1 0 1 35
0 0 2 20
0 0 2 30
0 0 2 20
1 0 2 35
1 0 2 35
2 0 2 50
0 0 3 20
0 0 3 20
1 0 3 35
0 0 4 20
0 0 4 20
0 0 4 30
1 0 4 35
1 0 4 35
2 0 4 50
0 0 5 20
0 0 6 20
0 0 6 20
1 0 6 35
0 0 7 20
0 0 8 20
0 0 8 20
1 0 8 35
0 0 9 20
0 0 10 20
0 0 10 20
1 0 10 35
0 0 12 20
0 0 14 20
0 1 0 20
1 1 0 35
2 1 0 50
0 1 1 20
0 1 1 20
1 1 1 35
0 1 2 20
0 1 2 24
0 1 2 30
1 1 2 35
1 1 2 39
2 1 2 50
0 1 3 24
0 1 3 20
1 1 3 35
0 1 4 20
0 1 4 24
0 1 4 30
1 1 4 39
1 1 4 35
2 1 4 50
0 1 5 20
0 1 6 20
0 1 6 24
1 1 6 35
0 1 7 20
0 1 8 24
0 1 8 20
1 1 8 35
0 1 10 20
0 1 12 20
0 1 14 20
0 2 0 33
1 2 0 48
2 2 0 63
0 2 1 38
0 2 1 33
1 2 1 48
0 2 2 33
0 2 2 38
0 2 2 43
1 2 2 53
1 2 2 48
2 2 2 63
0 2 3 33
0 2 4 38
0 2 4 33
1 2 4 48
0 2 5 33
0 2 6 33
0 2 6 38
1 2 6 48
0 2 7 33
0 2 8 38
0 2 8 33
1 2 8 48
0 2 10 33
0 2 12 33
0 3 0 33
1 3 0 48
2 3 0 63
0 3 1 33
0 3 1 38
1 3 1 48
0 3 2 47
0 3 2 33
0 3 2 38
1 3 2 53
1 3 2 48
2 3 2 63
0 3 3 33
0 3 4 33
0 3 4 38
1 3 4 48
0 3 5 33
0 3 6 33
0 3 6 38
1 3 6 48
0 3 8 33
0 3 10 33
0 3 12 33
0 4 0 46
1 4 0 61
2 4 0 76
0 4 1 46
0 4 2 51
0 4 2 46
1 4 2 61
0 4 3 46
0 4 4 46
0 4 4 51
1 4 4 61
0 4 5 46
0 4 6 51
0 4 6 46
1 4 6 61
0 4 8 46
0 4 10 46
0 5 0 46
1 5 0 61
2 5 0 76
0 5 1 46
0 5 2 46
0 5 2 51
1 5 2 61
0 5 3 46
0 5 4 51
0 5 4 46
1 5 4 61
0 5 6 46
0 5 8 46
0 5 10 46
0 6 0 49
1 6 0 64
0 6 1 54
0 6 2 59
0 6 2 59
1 6 2 74
0 6 3 59
0 6 4 59
0 6 4 64
1 6 4 74
0 6 6 59
0 6 8 59
0 7 0 58
1 7 0 73
0 7 1 58
0 7 2 63
0 7 2 59
1 7 2 74
0 7 4 59
0 7 6 59
0 7 8 59
0 8 0 62
1 8 0 77
0 8 1 67
0 8 2 72
0 8 2 72
1 8 2 87
0 8 4 72
0 8 6 72
0 9 0 66
1 9 0 81
0 9 2 72
0 9 4 72
0 9 6 72
0 10 0 70
1 10 0 85
0 10 2 75
0 10 4 80
0 11 0 74
0 11 2 84
0 11 4 84
0 12 0 83
0 12 2 84
0 13 0 83
0 13 2 87
0 14 0 96
0 0 0 20
0 1 0 20
0 2 0 33
0 3 0 33
0 4 0 46
0 5 0 46
0 6 0 49
0 7 0 58
0 8 0 62
0 9 0 66
0 10 0 70
0 11 0 74
0 12 0 83
0 13 0 83
0 14 0 96
0 15 0 96
0 16 0 96
0 17 0 103
0 18 0 103
0 19 0 106
0 20 0 106
1 0 0 35
1 1 0 35
1 2 0 48
1 3 0 48
1 4 0 61
1 5 0 61
1 6 0 64
1 7 0 73
1 8 0 77
1 9 0 81
1 10 0 85
1 11 0 89
1 12 0 98
1 13 0 98
1 14 0 106
1 15 0 106
4 0 0 80
3 0 0 65
3 1 0 65
3 2 0 78
3 3 0 78
3 4 0 91
3 5 0 91
2 0 0 50
2 1 0 50
2 2 0 63
2 3 0 63
2 4 0 76
2 5 0 76
2 6 0 79
2 7 0 88
2 8 0 92
2 9 0 96
2 10 0 100
