0 0 0 20
0 0 1 20
0 0 2 33
0 0 3 33
0 0 4 46
0 0 5 46
0 0 6 49
0 0 7 58
0 0 8 62
0 0 9 66
0 0 10 70
0 0 11 74
0 0 12 83
0 0 13 83
0 0 14 96
0 0 15 96
0 1 0 35
0 1 1 35
0 1 2 48
0 1 3 48
0 1 4 61
0 1 5 61
0 1 6 64
0 1 7 73
0 1 8 77
0 1 9 81
0 1 10 85
0 2 0 50
0 2 1 50
0 2 2 63
0 2 3 63
0 2 4 76
0 2 5 76
0 3 0 65
1 0 1 9
1 0 2 28
1 0 3 32
1 0 4 41
1 0 5 45
1 0 6 54
1 1 0 0
1 1 1 24
2 0 0 0
2 0 1 0
2 0 2 13
2 0 3 27
2 0 4 46
2 0 5 46
2 0 6 59
2 0 7 59
2 0 8 72
2 0 9 72
2 0 13 87
2 1 0 25
2 1 1 25
2 1 2 38
2 1 3 42
2 1 4 61
2 1 8 87
2 2 3 57
3 0 3 17
3 0 4 26
3 0 5 35
3 0 6 54
3 1 0 0
3 1 1 14
4 0 4 21
4 0 5 25
4 0 6 39
4 0 7 53
4 0 8 72
4 0 9 72
4 0 11 80
4 1 0 0
4 1 1 0
4 1 6 64
4 2 1 30
5 0 5 25
5 0 6 29
6 0 6 29
6 0 7 33
6 0 8 47
6 0 9 51
6 1 4 26
8 0 8 37
8 1 3 0
8 2 0 0
10 1 5 0
10 2 0 0
