0 0 0 0 0 0 20
0 0 0 0 0 1 20
0 0 0 0 0 2 33
0 0 0 0 0 3 33
0 0 0 0 0 4 46
0 0 0 0 0 5 46
0 0 0 0 0 6 49
0 0 0 0 0 7 58
0 0 0 0 0 8 62
0 0 0 0 0 9 66
0 0 0 0 0 10 70
0 0 0 0 0 11 74
0 0 0 0 0 12 83
0 0 0 0 0 13 83
0 0 0 0 0 14 96
0 0 0 0 0 15 96
0 0 0 0 1 0 20
0 0 0 0 1 1 20
0 0 0 0 1 2 33
0 0 0 0 1 3 33
0 0 0 0 1 4 46
0 0 0 0 1 5 46
0 0 0 0 1 6 49
0 0 0 0 1 7 58
0 0 0 0 1 8 62
0 0 0 0 1 9 66
0 0 0 0 1 10 70
0 0 0 0 1 11 74
0 0 0 0 1 12 83
0 0 0 0 1 13 83
0 0 0 0 1 14 96
0 0 0 0 1 15 96
0 0 0 0 2 0 20
0 0 0 0 2 1 20
0 0 0 0 2 2 33
0 0 0 0 2 3 33
0 0 0 0 2 4 46
0 0 0 0 2 5 46
0 0 0 0 2 6 49
0 0 0 0 2 7 58
0 0 0 0 2 8 62
0 0 0 0 2 9 66
0 0 0 0 2 10 70
0 0 0 0 2 11 74
0 0 0 0 2 12 83
0 0 0 0 2 13 83
0 0 0 0 2 14 96
0 0 0 0 2 15 96
0 0 0 0 3 0 20
0 0 0 0 3 1 20
0 0 0 0 3 2 33
0 0 0 0 3 3 33
0 0 0 0 3 4 46
0 0 0 0 3 5 46
0 0 0 0 3 6 49
0 0 0 0 3 7 58
0 0 0 0 3 8 62
0 0 0 0 3 9 66
0 0 0 0 3 10 70
0 0 0 0 3 11 74
0 0 0 0 3 12 83
0 0 0 0 3 13 83
0 0 0 0 3 14 96
0 0 0 0 3 15 96
0 0 0 1 0 0 40
0 0 0 1 0 1 40
0 0 0 1 0 2 53
0 0 0 1 0 3 53
0 0 0 1 0 4 66
0 0 0 1 0 5 66
0 0 0 1 0 6 79
0 0 0 1 0 7 79
0 0 0 1 0 8 92
0 0 0 1 0 9 92
0 0 0 1 0 10 95
0 0 0 1 0 11 104
0 0 0 1 0 12 108
0 0 0 1 0 13 112
0 0 0 1 0 14 116
0 0 0 1 0 15 120
0 0 0 1 1 0 40
0 0 0 1 1 1 40
0 0 0 1 1 2 53
0 0 0 1 1 3 53
0 0 0 1 1 4 66
0 0 0 1 1 5 66
0 0 0 1 1 6 79
0 0 0 1 1 7 79
0 0 0 1 1 8 92
0 0 0 1 1 9 92
0 0 0 1 1 10 95
0 0 0 1 1 11 104
0 0 0 1 1 12 108
0 0 0 1 1 13 112
0 0 0 1 1 14 116
0 0 0 1 1 15 120
0 0 0 1 2 0 40
0 0 0 1 2 1 40
0 0 0 1 2 2 53
0 0 0 1 2 3 53
0 0 0 1 2 4 66
0 0 0 1 2 5 66
0 0 0 1 2 6 79
0 0 0 1 2 7 79
0 0 0 1 2 8 92
0 0 0 1 2 9 92
0 0 0 1 2 10 95
0 0 0 1 2 11 104
0 0 0 1 2 12 108
0 0 0 1 2 13 112
0 0 0 1 2 14 116
0 0 0 1 2 15 120
0 0 0 1 3 0 40
0 0 0 1 3 1 40
0 0 0 1 3 2 53
0 0 0 1 3 3 53
0 0 0 1 3 4 66
0 0 0 1 3 5 66
0 0 0 1 3 6 79
0 0 0 1 3 7 79
0 0 0 1 3 8 92
0 0 0 1 3 9 92
0 0 0 1 3 10 95
0 0 0 1 3 11 104
0 0 0 1 3 12 108
0 0 0 1 3 13 112
0 0 0 1 3 14 116
0 0 0 1 3 15 120
0 0 0 2 0 0 60
0 0 0 2 0 1 60
0 0 0 2 0 2 73
0 0 0 2 0 3 73
0 0 0 2 0 4 86
0 0 0 2 0 5 86
0 0 0 2 0 6 99
0 0 0 2 0 7 99
0 0 0 2 0 8 112
0 0 0 2 0 9 112
0 0 0 2 0 10 125
0 0 0 2 1 0 60
0 0 0 2 1 1 60
0 0 0 2 1 2 73
0 0 0 2 1 3 73
0 0 0 2 1 4 86
0 0 0 2 1 5 86
0 0 0 2 1 6 99
0 0 0 2 1 7 99
0 0 0 2 1 8 112
0 0 0 2 1 9 112
0 0 0 2 1 10 125
0 0 0 2 2 0 60
0 0 0 2 2 1 60
0 0 0 2 2 2 73
0 0 0 2 2 3 73
0 0 0 2 2 4 86
0 0 0 2 2 5 86
0 0 0 2 2 6 99
0 0 0 2 2 7 99
0 0 0 2 2 8 112
0 0 0 2 2 9 112
0 0 0 2 2 10 125
0 0 1 0 0 0 40
0 0 1 0 0 1 40
0 0 1 0 0 2 53
0 0 1 0 0 3 53
0 0 1 0 0 4 66
0 0 1 0 0 5 66
0 0 1 0 0 6 79
0 0 1 0 0 7 79
0 0 1 0 0 8 92
0 0 1 0 0 9 92
0 0 1 0 0 10 95
0 0 1 0 0 11 104
0 0 1 0 0 12 108
0 0 1 0 0 13 112
0 0 1 0 1 0 40
0 0 1 0 1 1 40
0 0 1 0 1 2 53
0 0 1 0 1 3 53
0 0 1 0 1 4 66
0 0 1 0 1 5 66
0 0 1 0 1 6 79
0 0 1 0 1 7 79
0 0 1 0 1 8 92
0 0 1 0 1 9 92
0 0 1 0 1 10 95
0 0 1 0 1 11 104
0 0 1 0 1 12 108
0 0 1 0 1 13 112
0 0 1 0 2 0 40
0 0 1 0 2 1 40
0 0 1 0 2 2 53
0 0 1 0 2 3 53
0 0 1 0 2 4 66
0 0 1 0 2 5 66
0 0 1 0 2 6 79
0 0 1 0 2 7 79
0 0 1 0 2 8 92
0 0 1 0 2 9 92
0 0 1 0 2 10 95
0 0 1 0 2 11 104
0 0 1 0 2 12 108
0 0 1 0 2 13 112
0 0 1 1 0 0 60
0 0 1 1 0 1 60
0 0 1 1 0 2 73
0 0 1 1 0 3 73
0 0 1 1 0 4 86
0 0 1 1 0 5 86
0 0 1 1 0 6 99
0 0 1 1 0 7 99
0 0 1 1 0 8 112
0 0 1 1 0 9 112
0 0 1 1 0 10 125
0 0 1 1 0 11 125
0 0 1 1 0 12 138
0 0 1 1 0 13 138
0 0 1 1 1 0 60
0 0 1 1 1 1 60
0 0 1 1 1 2 73
0 0 1 1 1 3 73
0 0 1 1 1 4 86
0 0 1 1 1 5 86
0 0 1 1 1 6 99
0 0 1 1 1 7 99
0 0 1 1 1 8 112
0 0 1 1 1 9 112
0 0 1 1 1 10 125
0 0 1 1 1 11 125
0 0 1 1 1 12 138
0 0 1 1 1 13 138
0 0 1 1 2 0 60
0 0 1 1 2 1 60
0 0 1 1 2 2 73
0 0 1 1 2 3 73
0 0 1 1 2 4 86
0 0 1 1 2 5 86
0 0 1 1 2 6 99
0 0 1 1 2 7 99
0 0 1 1 2 8 112
0 0 1 1 2 9 112
0 0 1 1 2 10 125
0 0 1 1 2 11 125
0 0 1 1 2 12 138
0 0 1 1 2 13 138
0 0 2 0 0 0 60
0 0 2 0 0 1 60
0 0 2 0 0 2 73
0 0 2 0 0 3 73
0 0 2 0 0 4 86
0 0 2 0 0 5 86
0 0 2 0 0 6 99
0 0 2 0 0 7 99
0 0 2 0 0 8 112
0 0 2 0 0 9 112
0 0 2 0 0 10 125
0 0 2 0 0 11 125
0 0 2 0 0 12 138
0 0 2 0 0 13 138
0 0 2 0 1 0 60
0 0 2 0 1 1 60
0 0 2 0 1 2 73
0 0 2 0 1 3 73
0 0 2 0 1 4 86
0 0 2 0 1 5 86
0 0 2 0 1 6 99
0 0 2 0 1 7 99
0 0 2 0 1 8 112
0 0 2 0 1 9 112
0 0 2 0 1 10 125
0 0 2 0 1 11 125
0 0 2 0 1 12 138
0 0 2 0 1 13 138
0 0 2 0 2 0 60
0 0 2 0 2 1 60
0 0 2 0 2 2 73
0 0 2 0 2 3 73
0 0 2 0 2 4 86
0 0 2 0 2 5 86
0 0 2 0 2 6 99
0 0 2 0 2 7 99
0 0 2 0 2 8 112
0 0 2 0 2 9 112
0 0 2 0 2 10 125
0 0 2 0 2 11 125
0 0 2 0 2 12 138
0 0 2 0 2 13 138
0 0 2 1 0 0 80
0 0 2 1 0 1 80
0 0 2 1 0 2 93
0 0 2 1 0 3 93
0 0 2 1 0 4 106
0 0 2 1 0 5 106
0 0 2 1 0 6 119
0 0 2 1 0 7 119
0 0 2 1 0 8 132
0 0 2 1 0 9 132
0 0 2 1 0 10 145
0 0 2 1 0 11 145
0 0 2 1 0 12 158
0 0 2 1 0 13 158
0 0 2 1 1 0 80
0 0 2 1 1 1 80
0 0 2 1 1 2 93
0 0 2 1 1 3 93
0 0 2 1 1 4 106
0 0 2 1 1 5 106
0 0 2 1 1 6 119
0 0 2 1 1 7 119
0 0 2 1 1 8 132
0 0 2 1 1 9 132
0 0 2 1 1 10 145
0 0 2 1 1 11 145
0 0 2 1 1 12 158
0 0 2 1 1 13 158
0 0 2 1 2 0 80
0 0 2 1 2 1 80
0 0 2 1 2 2 93
0 0 2 1 2 3 93
0 0 2 1 2 4 106
0 0 2 1 2 5 106
0 0 2 1 2 6 119
0 0 2 1 2 7 119
0 0 2 1 2 8 132
0 0 2 1 2 9 132
0 0 2 1 2 10 145
0 0 2 1 2 11 145
0 0 2 1 2 12 158
0 0 2 1 2 13 158
0 0 3 0 0 0 80
0 0 3 0 0 1 80
0 0 3 0 0 2 93
0 0 3 0 0 3 93
0 0 3 0 0 4 106
0 0 3 0 0 5 106
0 0 3 0 0 6 119
0 0 3 0 0 7 119
0 0 3 0 0 8 132
0 0 3 0 0 9 132
0 0 3 0 0 10 145
0 0 3 0 0 11 145
0 0 3 0 1 0 80
0 0 3 0 1 1 80
0 0 3 0 1 2 93
0 0 3 0 1 3 93
0 0 3 0 1 4 106
0 0 3 0 1 5 106
0 0 3 0 1 6 119
0 0 3 0 1 7 119
0 0 3 0 1 8 132
0 0 3 0 1 9 132
0 0 3 0 1 10 145
0 0 3 0 1 11 145
0 0 3 0 2 0 80
0 0 3 0 2 1 80
0 0 3 0 2 2 93
0 0 3 0 2 3 93
0 0 3 0 2 4 106
0 0 3 0 2 5 106
0 0 3 0 2 6 119
0 0 3 0 2 7 119
0 0 3 0 2 8 132
0 0 3 0 2 9 132
0 0 3 0 2 10 145
0 0 3 0 2 11 145
0 0 3 1 0 0 100
0 0 3 1 0 1 100
0 0 3 1 0 2 113
0 0 3 1 0 3 113
0 0 3 1 0 4 126
0 0 3 1 0 5 126
0 0 3 1 0 6 139
0 0 3 1 0 7 139
0 0 3 1 0 8 152
0 0 3 1 0 9 152
0 0 3 1 0 10 165
0 0 3 1 0 11 165
0 0 3 1 1 0 100
0 0 3 1 1 1 100
0 0 3 1 1 2 113
0 0 3 1 1 3 113
0 0 3 1 1 4 126
0 0 3 1 1 5 126
0 0 3 1 1 6 139
0 0 3 1 1 7 139
0 0 3 1 1 8 152
0 0 3 1 1 9 152
0 0 3 1 1 10 165
0 0 3 1 1 11 165
0 0 3 1 2 0 100
0 0 3 1 2 1 100
0 0 3 1 2 2 113
0 0 3 1 2 3 113
0 0 3 1 2 4 126
0 0 3 1 2 5 126
0 0 3 1 2 6 139
0 0 3 1 2 7 139
0 0 3 1 2 8 152
0 0 3 1 2 9 152
0 0 3 1 2 10 165
0 0 3 1 2 11 165
0 0 4 0 0 0 100
0 0 4 0 0 1 100
0 0 4 0 0 2 113
0 0 4 0 0 3 113
0 0 4 0 0 4 126
0 0 4 0 0 5 126
0 0 4 0 0 6 139
0 0 4 0 0 7 139
0 0 4 0 0 8 152
0 0 4 0 0 9 152
0 0 4 0 0 10 165
0 0 4 0 0 11 165
0 0 4 0 1 0 100
0 0 4 0 1 1 100
0 0 4 0 1 2 113
0 0 4 0 1 3 113
0 0 4 0 1 4 126
0 0 4 0 1 5 126
0 0 4 0 1 6 139
0 0 4 0 1 7 139
0 0 4 0 1 8 152
0 0 4 0 1 9 152
0 0 4 0 1 10 165
0 0 4 0 1 11 165
0 0 4 0 2 0 100
0 0 4 0 2 1 100
0 0 4 0 2 2 113
0 0 4 0 2 3 113
0 0 4 0 2 4 126
0 0 4 0 2 5 126
0 0 4 0 2 6 139
0 0 4 0 2 7 139
0 0 4 0 2 8 152
0 0 4 0 2 9 152
0 0 4 0 2 10 165
0 0 4 0 2 11 165
0 0 4 1 0 0 120
0 0 4 1 0 1 120
0 0 4 1 0 2 133
0 0 4 1 0 3 133
0 0 4 1 0 4 146
0 0 4 1 0 5 146
0 0 4 1 0 6 159
0 0 4 1 0 7 159
0 0 4 1 0 8 172
0 0 4 1 0 9 172
0 0 4 1 0 10 185
0 0 4 1 0 11 185
0 0 4 1 1 0 120
0 0 4 1 1 1 120
0 0 4 1 1 2 133
0 0 4 1 1 3 133
0 0 4 1 1 4 146
0 0 4 1 1 5 146
0 0 4 1 1 6 159
0 0 4 1 1 7 159
0 0 4 1 1 8 172
0 0 4 1 1 9 172
0 0 4 1 1 10 185
0 0 4 1 1 11 185
0 0 4 1 2 0 120
0 0 4 1 2 1 120
0 0 4 1 2 2 133
0 0 4 1 2 3 133
0 0 4 1 2 4 146
0 0 4 1 2 5 146
0 0 4 1 2 6 159
0 0 4 1 2 7 159
0 0 4 1 2 8 172
0 0 4 1 2 9 172
0 0 4 1 2 10 185
0 0 4 1 2 11 185
0 1 0 0 0 0 0
0 1 0 0 0 1 0
0 1 0 0 0 2 0
0 1 0 0 0 3 0
0 1 0 0 0 4 0
0 1 0 0 0 5 0
0 1 0 0 0 6 0
0 1 0 0 0 7 0
0 1 0 0 0 8 0
0 1 0 0 0 9 0
0 1 0 0 0 10 0
0 1 0 0 0 11 0
0 1 0 0 0 12 0
0 1 0 0 0 13 0
0 1 0 0 1 0 0
0 1 0 0 1 1 0
0 1 0 0 1 2 0
0 1 0 0 1 3 0
0 1 0 0 1 4 0
0 1 0 0 1 5 0
0 1 0 0 1 6 0
0 1 0 0 1 7 0
0 1 0 0 1 8 0
0 1 0 0 1 9 0
0 1 0 0 1 10 0
0 1 0 0 1 11 0
0 1 0 0 1 12 0
0 1 0 0 1 13 0
0 1 0 0 2 0 0
0 1 0 0 2 1 0
0 1 0 0 2 2 0
0 1 0 0 2 3 0
0 1 0 0 2 4 0
0 1 0 0 2 5 0
0 1 0 0 2 6 0
0 1 0 0 2 7 0
0 1 0 0 2 8 0
0 1 0 0 2 9 0
0 1 0 0 2 10 0
0 1 0 0 2 11 0
0 1 0 0 2 12 0
0 1 0 0 2 13 0
0 1 0 1 0 0 0
0 1 0 1 0 1 0
0 1 0 1 0 2 0
0 1 0 1 0 3 0
0 1 0 1 0 4 0
0 1 0 1 0 5 0
0 1 0 1 0 6 0
0 1 0 1 0 7 0
0 1 0 1 1 0 0
0 1 0 1 1 1 0
0 1 0 1 1 2 0
0 1 0 1 1 3 0
0 1 0 1 1 4 0
0 1 0 1 1 5 0
0 1 0 1 1 6 0
0 1 0 1 1 7 0
0 1 1 0 0 0 40
0 1 1 0 0 1 40
0 1 1 0 0 2 53
0 1 1 0 0 3 53
0 1 1 0 0 4 66
0 1 1 0 0 5 66
0 1 1 0 0 6 79
0 1 1 0 0 7 79
0 1 1 0 0 8 92
0 1 1 0 0 9 92
0 1 1 0 0 10 95
0 1 1 0 0 11 104
0 1 1 0 0 12 108
0 1 1 0 0 13 112
0 1 1 0 1 0 40
0 1 1 0 1 1 40
0 1 1 0 1 2 53
0 1 1 0 1 3 53
0 1 1 0 1 4 66
0 1 1 0 1 5 66
0 1 1 0 1 6 79
0 1 1 0 1 7 79
0 1 1 0 1 8 92
0 1 1 0 1 9 92
0 1 1 0 1 10 95
0 1 1 0 1 11 104
0 1 1 0 1 12 108
0 1 1 0 1 13 112
0 1 1 0 2 0 40
0 1 1 0 2 1 40
0 1 1 0 2 2 53
0 1 1 0 2 3 53
0 1 1 0 2 4 66
0 1 1 0 2 5 66
0 1 1 0 2 6 79
0 1 1 0 2 7 79
0 1 1 0 2 8 92
0 1 1 0 2 9 92
0 1 1 0 2 10 95
0 1 1 0 2 11 104
0 1 1 0 2 12 108
0 1 1 0 2 13 112
0 1 1 1 0 0 60
0 1 1 1 0 1 60
0 1 1 1 0 2 73
0 1 1 1 0 3 73
0 1 1 1 0 4 86
0 1 1 1 0 5 86
0 1 1 1 0 6 99
0 1 1 1 0 7 99
0 1 1 1 1 0 60
0 1 1 1 1 1 60
0 1 1 1 1 2 73
0 1 1 1 1 3 73
0 1 1 1 1 4 86
0 1 1 1 1 5 86
0 1 1 1 1 6 99
0 1 1 1 1 7 99
0 1 2 0 0 0 60
0 1 2 0 0 1 60
0 1 2 0 0 2 73
0 1 2 0 0 3 73
0 1 2 0 0 4 86
0 1 2 0 0 5 86
0 1 2 0 0 6 99
0 1 2 0 0 7 99
0 1 2 0 0 8 112
0 1 2 0 0 9 112
0 1 2 0 0 10 125
0 1 2 0 0 11 125
0 1 2 0 0 12 138
0 1 2 0 0 13 138
0 1 2 0 1 0 60
0 1 2 0 1 1 60
0 1 2 0 1 2 73
0 1 2 0 1 3 73
0 1 2 0 1 4 86
0 1 2 0 1 5 86
0 1 2 0 1 6 99
0 1 2 0 1 7 99
0 1 2 0 1 8 112
0 1 2 0 1 9 112
0 1 2 0 1 10 125
0 1 2 0 1 11 125
0 1 2 0 1 12 138
0 1 2 0 1 13 138
0 1 2 0 2 0 60
0 1 2 0 2 1 60
0 1 2 0 2 2 73
0 1 2 0 2 3 73
0 1 2 0 2 4 86
0 1 2 0 2 5 86
0 1 2 0 2 6 99
0 1 2 0 2 7 99
0 1 2 0 2 8 112
0 1 2 0 2 9 112
0 1 2 0 2 10 125
0 1 2 0 2 11 125
0 1 2 0 2 12 138
0 1 2 0 2 13 138
0 1 2 1 0 0 80
0 1 2 1 0 1 80
0 1 2 1 0 2 93
0 1 2 1 0 3 93
0 1 2 1 0 4 106
0 1 2 1 0 5 106
0 1 2 1 0 6 119
0 1 2 1 0 7 119
0 1 2 1 1 0 80
0 1 2 1 1 1 80
0 1 2 1 1 2 93
0 1 2 1 1 3 93
0 1 2 1 1 4 106
0 1 2 1 1 5 106
0 1 2 1 1 6 119
0 1 2 1 1 7 119
0 1 3 0 0 0 80
0 1 3 0 0 1 80
0 1 3 0 0 2 93
0 1 3 0 0 3 93
0 1 3 0 0 4 106
0 1 3 0 0 5 106
0 1 3 0 0 6 119
0 1 3 0 0 7 119
0 1 3 0 0 8 132
0 1 3 0 0 9 132
0 1 3 0 0 10 145
0 1 3 0 0 11 145
0 1 3 0 1 0 80
0 1 3 0 1 1 80
0 1 3 0 1 2 93
0 1 3 0 1 3 93
0 1 3 0 1 4 106
0 1 3 0 1 5 106
0 1 3 0 1 6 119
0 1 3 0 1 7 119
0 1 3 0 1 8 132
0 1 3 0 1 9 132
0 1 3 0 1 10 145
0 1 3 0 1 11 145
0 1 3 0 2 0 80
0 1 3 0 2 1 80
0 1 3 0 2 2 93
0 1 3 0 2 3 93
0 1 3 0 2 4 106
0 1 3 0 2 5 106
0 1 3 0 2 6 119
0 1 3 0 2 7 119
0 1 3 0 2 8 132
0 1 3 0 2 9 132
0 1 3 0 2 10 145
0 1 3 0 2 11 145
0 1 4 0 0 0 100
0 1 4 0 0 1 100
0 1 4 0 0 2 113
0 1 4 0 0 3 113
0 1 4 0 0 4 126
0 1 4 0 0 5 126
0 1 4 0 0 6 139
0 1 4 0 0 7 139
0 1 4 0 0 8 152
0 1 4 0 0 9 152
0 1 4 0 0 10 165
0 1 4 0 0 11 165
0 1 4 0 1 0 100
0 1 4 0 1 1 100
0 1 4 0 1 2 113
0 1 4 0 1 3 113
0 1 4 0 1 4 126
0 1 4 0 1 5 126
0 1 4 0 1 6 139
0 1 4 0 1 7 139
0 1 4 0 1 8 152
0 1 4 0 1 9 152
0 1 4 0 1 10 165
0 1 4 0 1 11 165
0 1 4 0 2 0 100
0 1 4 0 2 1 100
0 1 4 0 2 2 113
0 1 4 0 2 3 113
0 1 4 0 2 4 126
0 1 4 0 2 5 126
0 1 4 0 2 6 139
0 1 4 0 2 7 139
0 1 4 0 2 8 152
0 1 4 0 2 9 152
0 1 4 0 2 10 165
0 1 4 0 2 11 165
1 0 0 0 0 0 0
1 0 0 0 0 1 0
1 0 0 0 0 2 0
1 0 0 0 0 3 0
1 0 0 0 0 4 0
1 0 0 0 0 5 0
1 0 0 0 0 6 0
1 0 0 0 0 7 0
1 0 0 0 0 8 0
1 0 0 0 0 9 0
1 0 0 0 0 10 0
1 0 0 0 0 11 0
1 0 0 0 0 12 0
1 0 0 0 0 13 0
1 0 0 0 1 0 0
1 0 0 0 1 1 0
1 0 0 0 1 2 0
1 0 0 0 1 3 0
1 0 0 0 1 4 0
1 0 0 0 1 5 0
1 0 0 0 1 6 0
1 0 0 0 1 7 0
1 0 0 0 1 8 0
1 0 0 0 1 9 0
1 0 0 0 1 10 0
1 0 0 0 1 11 0
1 0 0 0 1 12 0
1 0 0 0 1 13 0
1 0 0 0 2 0 0
1 0 0 0 2 1 0
1 0 0 0 2 2 0
1 0 0 0 2 3 0
1 0 0 0 2 4 0
1 0 0 0 2 5 0
1 0 0 0 2 6 0
1 0 0 0 2 7 0
1 0 0 0 2 8 0
1 0 0 0 2 9 0
1 0 0 0 2 10 0
1 0 0 0 2 11 0
1 0 0 0 2 12 0
1 0 0 0 2 13 0
1 0 0 1 0 0 0
1 0 0 1 0 1 0
1 0 0 1 0 2 0
1 0 0 1 0 3 0
1 0 0 1 0 4 0
1 0 0 1 0 5 0
1 0 0 1 0 6 0
1 0 0 1 0 7 0
1 0 0 1 0 8 0
1 0 0 1 0 9 0
1 0 0 1 0 10 0
1 0 0 1 0 11 0
1 0 0 1 0 12 0
1 0 0 1 0 13 0
1 0 0 1 1 0 0
1 0 0 1 1 1 0
1 0 0 1 1 2 0
1 0 0 1 1 3 0
1 0 0 1 1 4 0
1 0 0 1 1 5 0
1 0 0 1 1 6 0
1 0 0 1 1 7 0
1 0 0 1 1 8 0
1 0 0 1 1 9 0
1 0 0 1 1 10 0
1 0 0 1 1 11 0
1 0 0 1 1 12 0
1 0 0 1 1 13 0
1 0 0 1 2 0 0
1 0 0 1 2 1 0
1 0 0 1 2 2 0
1 0 0 1 2 3 0
1 0 0 1 2 4 0
1 0 0 1 2 5 0
1 0 0 1 2 6 0
1 0 0 1 2 7 0
1 0 0 1 2 8 0
1 0 0 1 2 9 0
1 0 0 1 2 10 0
1 0 0 1 2 11 0
1 0 0 1 2 12 0
1 0 0 1 2 13 0
1 0 1 0 0 0 0
1 0 1 0 0 1 9
1 0 1 0 0 2 28
1 0 1 0 0 3 32
1 0 1 0 0 4 41
1 0 1 0 0 5 45
1 0 1 0 0 6 54
1 0 1 0 0 7 82
1 0 1 0 0 8 82
1 0 1 0 0 9 83
1 0 1 0 0 10 83
1 0 1 0 0 11 83
1 0 1 0 0 12 83
1 0 1 0 0 13 83
1 0 1 0 1 0 0
1 0 1 0 1 1 9
1 0 1 0 1 2 28
1 0 1 0 1 3 32
1 0 1 0 1 4 41
1 0 1 0 1 5 45
1 0 1 0 1 6 54
1 0 1 0 1 7 82
1 0 1 0 1 8 82
1 0 1 0 1 9 83
1 0 1 0 1 10 83
1 0 1 0 1 11 83
1 0 1 0 1 12 83
1 0 1 0 1 13 83
1 0 1 0 2 0 0
1 0 1 0 2 1 9
1 0 1 0 2 2 28
1 0 1 0 2 3 32
1 0 1 0 2 4 41
1 0 1 0 2 5 45
1 0 1 0 2 6 54
1 0 1 0 2 7 82
1 0 1 0 2 8 82
1 0 1 0 2 9 83
1 0 1 0 2 10 83
1 0 1 0 2 11 83
1 0 1 0 2 12 83
1 0 1 0 2 13 83
1 0 1 1 0 0 0
1 0 1 1 0 1 29
1 0 1 1 0 2 48
1 0 1 1 0 3 52
1 0 1 1 0 4 61
1 0 1 1 0 5 65
1 0 1 1 0 6 74
1 0 1 1 0 7 102
1 0 1 1 0 8 102
1 0 1 1 0 9 115
1 0 1 1 0 10 115
1 0 1 1 0 11 128
1 0 1 1 0 12 128
1 0 1 1 0 13 131
1 0 1 1 1 0 0
1 0 1 1 1 1 29
1 0 1 1 1 2 48
1 0 1 1 1 3 52
1 0 1 1 1 4 61
1 0 1 1 1 5 65
1 0 1 1 1 6 74
1 0 1 1 1 7 102
1 0 1 1 1 8 102
1 0 1 1 1 9 115
1 0 1 1 1 10 115
1 0 1 1 1 11 128
1 0 1 1 1 12 128
1 0 1 1 1 13 131
1 0 1 1 2 0 0
1 0 1 1 2 1 29
1 0 1 1 2 2 48
1 0 1 1 2 3 52
1 0 1 1 2 4 61
1 0 1 1 2 5 65
1 0 1 1 2 6 74
1 0 1 1 2 7 102
1 0 1 1 2 8 102
1 0 1 1 2 9 115
1 0 1 1 2 10 115
1 0 1 1 2 11 128
1 0 1 1 2 12 128
1 0 1 1 2 13 131
1 0 2 0 0 0 40
1 0 2 0 0 1 40
1 0 2 0 0 2 53
1 0 2 0 0 3 53
1 0 2 0 0 4 66
1 0 2 0 0 5 66
1 0 2 0 0 6 79
1 0 2 0 0 7 102
1 0 2 0 0 8 102
1 0 2 0 0 9 115
1 0 2 0 0 10 115
1 0 2 0 0 11 128
1 0 2 0 0 12 128
1 0 2 0 0 13 131
1 0 2 0 1 0 40
1 0 2 0 1 1 40
1 0 2 0 1 2 53
1 0 2 0 1 3 53
1 0 2 0 1 4 66
1 0 2 0 1 5 66
1 0 2 0 1 6 79
1 0 2 0 1 7 102
1 0 2 0 1 8 102
1 0 2 0 1 9 115
1 0 2 0 1 10 115
1 0 2 0 1 11 128
1 0 2 0 1 12 128
1 0 2 0 1 13 131
1 0 2 0 2 0 40
1 0 2 0 2 1 40
1 0 2 0 2 2 53
1 0 2 0 2 3 53
1 0 2 0 2 4 66
1 0 2 0 2 5 66
1 0 2 0 2 6 79
1 0 2 0 2 7 102
1 0 2 0 2 8 102
1 0 2 0 2 9 115
1 0 2 0 2 10 115
1 0 2 0 2 11 128
1 0 2 0 2 12 128
1 0 2 0 2 13 131
1 0 2 1 0 0 60
1 0 2 1 0 1 60
1 0 2 1 0 2 73
1 0 2 1 0 3 73
1 0 2 1 0 4 86
1 0 2 1 0 5 86
1 0 2 1 0 6 99
1 0 2 1 0 7 122
1 0 2 1 0 8 122
1 0 2 1 0 9 135
1 0 2 1 0 10 135
1 0 2 1 0 11 148
1 0 2 1 0 12 148
1 0 2 1 0 13 161
1 0 2 1 1 0 60
1 0 2 1 1 1 60
1 0 2 1 1 2 73
1 0 2 1 1 3 73
1 0 2 1 1 4 86
1 0 2 1 1 5 86
1 0 2 1 1 6 99
1 0 2 1 1 7 122
1 0 2 1 1 8 122
1 0 2 1 1 9 135
1 0 2 1 1 10 135
1 0 2 1 1 11 148
1 0 2 1 1 12 148
1 0 2 1 1 13 161
1 0 2 1 2 0 60
1 0 2 1 2 1 60
1 0 2 1 2 2 73
1 0 2 1 2 3 73
1 0 2 1 2 4 86
1 0 2 1 2 5 86
1 0 2 1 2 6 99
1 0 2 1 2 7 122
1 0 2 1 2 8 122
1 0 2 1 2 9 135
1 0 2 1 2 10 135
1 0 2 1 2 11 148
1 0 2 1 2 12 148
1 0 2 1 2 13 161
1 0 3 0 0 0 60
1 0 3 0 0 1 60
1 0 3 0 0 2 73
1 0 3 0 0 3 73
1 0 3 0 0 4 86
1 0 3 0 0 5 86
1 0 3 0 0 6 99
1 0 3 0 0 7 122
1 0 3 0 0 8 122
1 0 3 0 0 9 135
1 0 3 0 0 10 135
1 0 3 0 0 11 148
1 0 3 0 1 0 60
1 0 3 0 1 1 60
1 0 3 0 1 2 73
1 0 3 0 1 3 73
1 0 3 0 1 4 86
1 0 3 0 1 5 86
1 0 3 0 1 6 99
1 0 3 0 1 7 122
1 0 3 0 1 8 122
1 0 3 0 1 9 135
1 0 3 0 1 10 135
1 0 3 0 1 11 148
1 0 3 0 2 0 60
1 0 3 0 2 1 60
1 0 3 0 2 2 73
1 0 3 0 2 3 73
1 0 3 0 2 4 86
1 0 3 0 2 5 86
1 0 3 0 2 6 99
1 0 3 0 2 7 122
1 0 3 0 2 8 122
1 0 3 0 2 9 135
1 0 3 0 2 10 135
1 0 3 0 2 11 148
1 0 3 1 0 0 80
1 0 3 1 0 1 80
1 0 3 1 0 2 93
1 0 3 1 0 3 93
1 0 3 1 0 4 106
1 0 3 1 0 5 106
1 0 3 1 0 6 119
1 0 3 1 0 7 142
1 0 3 1 0 8 142
1 0 3 1 0 9 155
1 0 3 1 0 10 155
1 0 3 1 0 11 168
1 0 3 1 1 0 80
1 0 3 1 1 1 80
1 0 3 1 1 2 93
1 0 3 1 1 3 93
1 0 3 1 1 4 106
1 0 3 1 1 5 106
1 0 3 1 1 6 119
1 0 3 1 1 7 142
1 0 3 1 1 8 142
1 0 3 1 1 9 155
1 0 3 1 1 10 155
1 0 3 1 1 11 168
1 0 3 1 2 0 80
1 0 3 1 2 1 80
1 0 3 1 2 2 93
1 0 3 1 2 3 93
1 0 3 1 2 4 106
1 0 3 1 2 5 106
1 0 3 1 2 6 119
1 0 3 1 2 7 142
1 0 3 1 2 8 142
1 0 3 1 2 9 155
1 0 3 1 2 10 155
1 0 3 1 2 11 168
1 0 4 0 0 0 80
1 0 4 0 0 1 80
1 0 4 0 0 2 93
1 0 4 0 0 3 93
1 0 4 0 0 4 106
1 0 4 0 0 5 106
1 0 4 0 0 6 119
1 0 4 0 0 7 142
1 0 4 0 0 8 142
1 0 4 0 0 9 155
1 0 4 0 0 10 155
1 0 4 0 0 11 168
1 0 4 0 1 0 80
1 0 4 0 1 1 80
1 0 4 0 1 2 93
1 0 4 0 1 3 93
1 0 4 0 1 4 106
1 0 4 0 1 5 106
1 0 4 0 1 6 119
1 0 4 0 1 7 142
1 0 4 0 1 8 142
1 0 4 0 1 9 155
1 0 4 0 1 10 155
1 0 4 0 1 11 168
1 0 4 0 2 0 80
1 0 4 0 2 1 80
1 0 4 0 2 2 93
1 0 4 0 2 3 93
1 0 4 0 2 4 106
1 0 4 0 2 5 106
1 0 4 0 2 6 119
1 0 4 0 2 7 142
1 0 4 0 2 8 142
1 0 4 0 2 9 155
1 0 4 0 2 10 155
1 0 4 0 2 11 168
1 0 4 1 0 0 100
1 0 4 1 0 1 100
1 0 4 1 0 2 113
1 0 4 1 0 3 113
1 0 4 1 0 4 126
1 0 4 1 0 5 126
1 0 4 1 0 6 139
1 0 4 1 0 7 162
1 0 4 1 0 8 162
1 0 4 1 0 9 175
1 0 4 1 0 10 175
1 0 4 1 0 11 188
1 0 4 1 1 0 100
1 0 4 1 1 1 100
1 0 4 1 1 2 113
1 0 4 1 1 3 113
1 0 4 1 1 4 126
1 0 4 1 1 5 126
1 0 4 1 1 6 139
1 0 4 1 1 7 162
1 0 4 1 1 8 162
1 0 4 1 1 9 175
1 0 4 1 1 10 175
1 0 4 1 1 11 188
1 0 4 1 2 0 100
1 0 4 1 2 1 100
1 0 4 1 2 2 113
1 0 4 1 2 3 113
1 0 4 1 2 4 126
1 0 4 1 2 5 126
1 0 4 1 2 6 139
1 0 4 1 2 7 162
1 0 4 1 2 8 162
1 0 4 1 2 9 175
1 0 4 1 2 10 175
1 0 4 1 2 11 188
1 1 0 0 0 0 0
1 1 0 0 0 1 0
1 1 0 0 0 2 0
1 1 0 0 0 3 0
1 1 0 0 0 4 0
1 1 0 0 0 5 0
1 1 0 0 0 6 0
1 1 0 0 0 7 0
1 1 0 0 0 8 0
1 1 0 0 0 9 0
1 1 0 0 0 10 0
1 1 0 0 0 11 0
1 1 0 0 0 12 0
1 1 0 0 0 13 0
1 1 0 0 1 0 0
1 1 0 0 1 1 0
1 1 0 0 1 2 0
1 1 0 0 1 3 0
1 1 0 0 1 4 0
1 1 0 0 1 5 0
1 1 0 0 1 6 0
1 1 0 0 1 7 0
1 1 0 0 1 8 0
1 1 0 0 1 9 0
1 1 0 0 1 10 0
1 1 0 0 1 11 0
1 1 0 0 1 12 0
1 1 0 0 1 13 0
1 1 0 0 2 0 0
1 1 0 0 2 1 0
1 1 0 0 2 2 0
1 1 0 0 2 3 0
1 1 0 0 2 4 0
1 1 0 0 2 5 0
1 1 0 0 2 6 0
1 1 0 0 2 7 0
1 1 0 0 2 8 0
1 1 0 0 2 9 0
1 1 0 0 2 10 0
1 1 0 0 2 11 0
1 1 0 0 2 12 0
1 1 0 0 2 13 0
1 1 0 1 0 0 0
1 1 0 1 0 1 0
1 1 0 1 0 2 0
1 1 0 1 0 3 0
1 1 0 1 0 4 0
1 1 0 1 0 5 0
1 1 0 1 0 6 0
1 1 0 1 0 7 0
1 1 0 1 1 0 0
1 1 0 1 1 1 0
1 1 0 1 1 2 0
1 1 0 1 1 3 0
1 1 0 1 1 4 0
1 1 0 1 1 5 0
1 1 0 1 1 6 0
1 1 0 1 1 7 0
1 1 1 0 0 0 0
1 1 1 0 0 1 0
1 1 1 0 0 2 0
1 1 1 0 0 3 0
1 1 1 0 0 4 0
1 1 1 0 0 5 0
1 1 1 0 0 6 0
1 1 1 0 0 7 0
1 1 1 0 0 8 0
1 1 1 0 0 9 0
1 1 1 0 0 10 0
1 1 1 0 0 11 0
1 1 1 0 0 12 0
1 1 1 0 0 13 0
1 1 1 0 1 0 0
1 1 1 0 1 1 0
1 1 1 0 1 2 0
1 1 1 0 1 3 0
1 1 1 0 1 4 0
1 1 1 0 1 5 0
1 1 1 0 1 6 0
1 1 1 0 1 7 0
1 1 1 0 1 8 0
1 1 1 0 1 9 0
1 1 1 0 1 10 0
1 1 1 0 1 11 0
1 1 1 0 1 12 0
1 1 1 0 1 13 0
1 1 1 0 2 0 0
1 1 1 0 2 1 0
1 1 1 0 2 2 0
1 1 1 0 2 3 0
1 1 1 0 2 4 0
1 1 1 0 2 5 0
1 1 1 0 2 6 0
1 1 1 0 2 7 0
1 1 1 0 2 8 0
1 1 1 0 2 9 0
1 1 1 0 2 10 0
1 1 1 0 2 11 0
1 1 1 0 2 12 0
1 1 1 0 2 13 0
1 1 1 1 0 0 0
1 1 1 1 0 1 0
1 1 1 1 0 2 0
1 1 1 1 0 3 0
1 1 1 1 0 4 0
1 1 1 1 0 5 0
1 1 1 1 0 6 0
1 1 1 1 0 7 0
1 1 1 1 1 0 0
1 1 1 1 1 1 0
1 1 1 1 1 2 0
1 1 1 1 1 3 0
1 1 1 1 1 4 0
1 1 1 1 1 5 0
1 1 1 1 1 6 0
1 1 1 1 1 7 0
1 1 2 0 0 0 0
1 1 2 0 0 1 29
1 1 2 0 0 2 48
1 1 2 0 0 3 52
1 1 2 0 0 4 61
1 1 2 0 0 5 65
1 1 2 0 0 6 74
1 1 2 0 0 7 102
1 1 2 0 0 8 102
1 1 2 0 0 9 115
1 1 2 0 0 10 115
1 1 2 0 0 11 128
1 1 2 0 0 12 128
1 1 2 0 0 13 131
1 1 2 0 1 0 0
1 1 2 0 1 1 29
1 1 2 0 1 2 48
1 1 2 0 1 3 52
1 1 2 0 1 4 61
1 1 2 0 1 5 65
1 1 2 0 1 6 74
1 1 2 0 1 7 102
1 1 2 0 1 8 102
1 1 2 0 1 9 115
1 1 2 0 1 10 115
1 1 2 0 1 11 128
1 1 2 0 1 12 128
1 1 2 0 1 13 131
1 1 2 0 2 0 0
1 1 2 0 2 1 29
1 1 2 0 2 2 48
1 1 2 0 2 3 52
1 1 2 0 2 4 61
1 1 2 0 2 5 65
1 1 2 0 2 6 74
1 1 2 0 2 7 102
1 1 2 0 2 8 102
1 1 2 0 2 9 115
1 1 2 0 2 10 115
1 1 2 0 2 11 128
1 1 2 0 2 12 128
1 1 2 0 2 13 131
1 1 2 1 0 0 0
1 1 2 1 0 1 49
1 1 2 1 0 2 68
1 1 2 1 0 3 72
1 1 2 1 0 4 81
1 1 2 1 0 5 85
1 1 2 1 0 6 94
1 1 2 1 0 7 122
1 1 2 1 1 0 0
1 1 2 1 1 1 49
1 1 2 1 1 2 68
1 1 2 1 1 3 72
1 1 2 1 1 4 81
1 1 2 1 1 5 85
1 1 2 1 1 6 94
1 1 2 1 1 7 122
1 1 3 0 0 0 60
1 1 3 0 0 1 60
1 1 3 0 0 2 73
1 1 3 0 0 3 73
1 1 3 0 0 4 86
1 1 3 0 0 5 86
1 1 3 0 0 6 99
1 1 3 0 0 7 122
1 1 3 0 0 8 122
1 1 3 0 0 9 135
1 1 3 0 0 10 135
1 1 3 0 0 11 148
1 1 3 0 1 0 60
1 1 3 0 1 1 60
1 1 3 0 1 2 73
1 1 3 0 1 3 73
1 1 3 0 1 4 86
1 1 3 0 1 5 86
1 1 3 0 1 6 99
1 1 3 0 1 7 122
1 1 3 0 1 8 122
1 1 3 0 1 9 135
1 1 3 0 1 10 135
1 1 3 0 1 11 148
1 1 3 0 2 0 60
1 1 3 0 2 1 60
1 1 3 0 2 2 73
1 1 3 0 2 3 73
1 1 3 0 2 4 86
1 1 3 0 2 5 86
1 1 3 0 2 6 99
1 1 3 0 2 7 122
1 1 3 0 2 8 122
1 1 3 0 2 9 135
1 1 3 0 2 10 135
1 1 3 0 2 11 148
1 1 4 0 0 0 80
1 1 4 0 0 1 80
1 1 4 0 0 2 93
1 1 4 0 0 3 93
1 1 4 0 0 4 106
1 1 4 0 0 5 106
1 1 4 0 0 6 119
1 1 4 0 0 7 142
1 1 4 0 0 8 142
1 1 4 0 0 9 155
1 1 4 0 0 10 155
1 1 4 0 0 11 168
1 1 4 0 1 0 80
1 1 4 0 1 1 80
1 1 4 0 1 2 93
1 1 4 0 1 3 93
1 1 4 0 1 4 106
1 1 4 0 1 5 106
1 1 4 0 1 6 119
1 1 4 0 1 7 142
1 1 4 0 1 8 142
1 1 4 0 1 9 155
1 1 4 0 1 10 155
1 1 4 0 1 11 168
1 1 4 0 2 0 80
1 1 4 0 2 1 80
1 1 4 0 2 2 93
1 1 4 0 2 3 93
1 1 4 0 2 4 106
1 1 4 0 2 5 106
1 1 4 0 2 6 119
1 1 4 0 2 7 142
1 1 4 0 2 8 142
1 1 4 0 2 9 155
1 1 4 0 2 10 155
1 1 4 0 2 11 168
2 0 0 0 0 0 0
2 0 0 0 0 1 0
2 0 0 0 0 2 0
2 0 0 0 0 3 0
2 0 0 0 0 4 0
2 0 0 0 0 5 0
2 0 0 0 0 6 0
2 0 0 0 0 7 0
2 0 0 0 0 8 0
2 0 0 0 0 9 0
2 0 0 0 0 10 0
2 0 0 0 0 11 0
2 0 0 0 0 12 0
2 0 0 0 0 13 0
2 0 0 0 1 0 0
2 0 0 0 1 1 0
2 0 0 0 1 2 0
2 0 0 0 1 3 0
2 0 0 0 1 4 0
2 0 0 0 1 5 0
2 0 0 0 1 6 0
2 0 0 0 1 7 0
2 0 0 0 1 8 0
2 0 0 0 1 9 0
2 0 0 0 1 10 0
2 0 0 0 1 11 0
2 0 0 0 1 12 0
2 0 0 0 1 13 0
2 0 0 0 2 0 0
2 0 0 0 2 1 0
2 0 0 0 2 2 0
2 0 0 0 2 3 0
2 0 0 0 2 4 0
2 0 0 0 2 5 0
2 0 0 0 2 6 0
2 0 0 0 2 7 0
2 0 0 0 2 8 0
2 0 0 0 2 9 0
2 0 0 0 2 10 0
2 0 0 0 2 11 0
2 0 0 0 2 12 0
2 0 0 0 2 13 0
2 0 0 1 0 0 0
2 0 0 1 0 1 0
2 0 0 1 0 2 0
2 0 0 1 0 3 0
2 0 0 1 0 4 0
2 0 0 1 0 5 0
2 0 0 1 0 6 0
2 0 0 1 0 7 0
2 0 0 1 0 8 0
2 0 0 1 0 9 0
2 0 0 1 0 10 0
2 0 0 1 0 11 0
2 0 0 1 0 12 0
2 0 0 1 0 13 0
2 0 0 1 1 0 0
2 0 0 1 1 1 0
2 0 0 1 1 2 0
2 0 0 1 1 3 0
2 0 0 1 1 4 0
2 0 0 1 1 5 0
2 0 0 1 1 6 0
2 0 0 1 1 7 0
2 0 0 1 1 8 0
2 0 0 1 1 9 0
2 0 0 1 1 10 0
2 0 0 1 1 11 0
2 0 0 1 1 12 0
2 0 0 1 1 13 0
2 0 0 1 2 0 0
2 0 0 1 2 1 0
2 0 0 1 2 2 0
2 0 0 1 2 3 0
2 0 0 1 2 4 0
2 0 0 1 2 5 0
2 0 0 1 2 6 0
2 0 0 1 2 7 0
2 0 0 1 2 8 0
2 0 0 1 2 9 0
2 0 0 1 2 10 0
2 0 0 1 2 11 0
2 0 0 1 2 12 0
2 0 0 1 2 13 0
2 0 1 0 0 0 0
2 0 1 0 0 1 0
2 0 1 0 0 2 0
2 0 1 0 0 3 0
2 0 1 0 0 4 0
2 0 1 0 0 5 0
2 0 1 0 0 6 0
2 0 1 0 0 7 0
2 0 1 0 0 8 0
2 0 1 0 0 9 0
2 0 1 0 0 10 0
2 0 1 0 0 11 0
2 0 1 0 0 12 0
2 0 1 0 0 13 0
2 0 1 0 1 0 0
2 0 1 0 1 1 0
2 0 1 0 1 2 0
2 0 1 0 1 3 0
2 0 1 0 1 4 0
2 0 1 0 1 5 0
2 0 1 0 1 6 0
2 0 1 0 1 7 0
2 0 1 0 1 8 0
2 0 1 0 1 9 0
2 0 1 0 1 10 0
2 0 1 0 1 11 0
2 0 1 0 1 12 0
2 0 1 0 1 13 0
2 0 1 0 2 0 0
2 0 1 0 2 1 0
2 0 1 0 2 2 0
2 0 1 0 2 3 0
2 0 1 0 2 4 0
2 0 1 0 2 5 0
2 0 1 0 2 6 0
2 0 1 0 2 7 0
2 0 1 0 2 8 0
2 0 1 0 2 9 0
2 0 1 0 2 10 0
2 0 1 0 2 11 0
2 0 1 0 2 12 0
2 0 1 0 2 13 0
2 0 1 1 0 0 0
2 0 1 1 0 1 0
2 0 1 1 0 2 0
2 0 1 1 0 3 0
2 0 1 1 0 4 0
2 0 1 1 0 5 0
2 0 1 1 0 6 0
2 0 1 1 0 7 0
2 0 1 1 0 8 0
2 0 1 1 0 9 0
2 0 1 1 0 10 0
2 0 1 1 0 11 0
2 0 1 1 0 12 0
2 0 1 1 0 13 0
2 0 1 1 1 0 0
2 0 1 1 1 1 0
2 0 1 1 1 2 0
2 0 1 1 1 3 0
2 0 1 1 1 4 0
2 0 1 1 1 5 0
2 0 1 1 1 6 0
2 0 1 1 1 7 0
2 0 1 1 1 8 0
2 0 1 1 1 9 0
2 0 1 1 1 10 0
2 0 1 1 1 11 0
2 0 1 1 1 12 0
2 0 1 1 1 13 0
2 0 1 1 2 0 0
2 0 1 1 2 1 0
2 0 1 1 2 2 0
2 0 1 1 2 3 0
2 0 1 1 2 4 0
2 0 1 1 2 5 0
2 0 1 1 2 6 0
2 0 1 1 2 7 0
2 0 1 1 2 8 0
2 0 1 1 2 9 0
2 0 1 1 2 10 0
2 0 1 1 2 11 0
2 0 1 1 2 12 0
2 0 1 1 2 13 0
2 0 2 0 0 0 0
2 0 2 0 0 1 0
2 0 2 0 0 2 13
2 0 2 0 0 3 27
2 0 2 0 0 4 46
2 0 2 0 0 5 46
2 0 2 0 0 6 59
2 0 2 0 0 7 59
2 0 2 0 0 8 72
2 0 2 0 0 9 72
2 0 2 0 0 10 87
2 0 2 0 0 11 87
2 0 2 0 0 12 87
2 0 2 0 0 13 87
2 0 2 0 1 0 0
2 0 2 0 1 1 0
2 0 2 0 1 2 13
2 0 2 0 1 3 27
2 0 2 0 1 4 46
2 0 2 0 1 5 46
2 0 2 0 1 6 59
2 0 2 0 1 7 59
2 0 2 0 1 8 72
2 0 2 0 1 9 72
2 0 2 0 1 10 87
2 0 2 0 1 11 87
2 0 2 0 1 12 87
2 0 2 0 1 13 87
2 0 2 0 2 0 0
2 0 2 0 2 1 0
2 0 2 0 2 2 13
2 0 2 0 2 3 27
2 0 2 0 2 4 46
2 0 2 0 2 5 46
2 0 2 0 2 6 59
2 0 2 0 2 7 59
2 0 2 0 2 8 72
2 0 2 0 2 9 72
2 0 2 0 2 10 87
2 0 2 0 2 11 87
2 0 2 0 2 12 87
2 0 2 0 2 13 87
2 0 2 1 0 0 0
2 0 2 1 0 1 0
2 0 2 1 0 2 33
2 0 2 1 0 3 47
2 0 2 1 0 4 66
2 0 2 1 0 5 66
2 0 2 1 0 6 79
2 0 2 1 0 7 79
2 0 2 1 0 8 92
2 0 2 1 0 9 110
2 0 2 1 0 10 114
2 0 2 1 0 11 123
2 0 2 1 0 12 127
2 0 2 1 0 13 136
2 0 2 1 1 0 0
2 0 2 1 1 1 0
2 0 2 1 1 2 33
2 0 2 1 1 3 47
2 0 2 1 1 4 66
2 0 2 1 1 5 66
2 0 2 1 1 6 79
2 0 2 1 1 7 79
2 0 2 1 1 8 92
2 0 2 1 1 9 110
2 0 2 1 1 10 114
2 0 2 1 1 11 123
2 0 2 1 1 12 127
2 0 2 1 1 13 136
2 0 2 1 2 0 0
2 0 2 1 2 1 0
2 0 2 1 2 2 33
2 0 2 1 2 3 47
2 0 2 1 2 4 66
2 0 2 1 2 5 66
2 0 2 1 2 6 79
2 0 2 1 2 7 79
2 0 2 1 2 8 92
2 0 2 1 2 9 110
2 0 2 1 2 10 114
2 0 2 1 2 11 123
2 0 2 1 2 12 127
2 0 2 1 2 13 136
2 0 3 0 0 0 0
2 0 3 0 0 1 29
2 0 3 0 0 2 48
2 0 3 0 0 3 52
2 0 3 0 0 4 66
2 0 3 0 0 5 66
2 0 3 0 0 6 79
2 0 3 0 0 7 102
2 0 3 0 0 8 102
2 0 3 0 0 9 115
2 0 3 0 0 10 115
2 0 3 0 0 11 128
2 0 3 0 1 0 0
2 0 3 0 1 1 29
2 0 3 0 1 2 48
2 0 3 0 1 3 52
2 0 3 0 1 4 66
2 0 3 0 1 5 66
2 0 3 0 1 6 79
2 0 3 0 1 7 102
2 0 3 0 1 8 102
2 0 3 0 1 9 115
2 0 3 0 1 10 115
2 0 3 0 1 11 128
2 0 3 0 2 0 0
2 0 3 0 2 1 29
2 0 3 0 2 2 48
2 0 3 0 2 3 52
2 0 3 0 2 4 66
2 0 3 0 2 5 66
2 0 3 0 2 6 79
2 0 3 0 2 7 102
2 0 3 0 2 8 102
2 0 3 0 2 9 115
2 0 3 0 2 10 115
2 0 3 0 2 11 128
2 0 3 1 0 0 0
2 0 3 1 0 1 49
2 0 3 1 0 2 68
2 0 3 1 0 3 72
2 0 3 1 0 4 86
2 0 3 1 0 5 86
2 0 3 1 0 6 99
2 0 3 1 0 7 122
2 0 3 1 0 8 122
2 0 3 1 0 9 135
2 0 3 1 0 10 135
2 0 3 1 0 11 148
2 0 3 1 1 0 0
2 0 3 1 1 1 49
2 0 3 1 1 2 68
2 0 3 1 1 3 72
2 0 3 1 1 4 86
2 0 3 1 1 5 86
2 0 3 1 1 6 99
2 0 3 1 1 7 122
2 0 3 1 1 8 122
2 0 3 1 1 9 135
2 0 3 1 1 10 135
2 0 3 1 1 11 148
2 0 3 1 2 0 0
2 0 3 1 2 1 49
2 0 3 1 2 2 68
2 0 3 1 2 3 72
2 0 3 1 2 4 86
2 0 3 1 2 5 86
2 0 3 1 2 6 99
2 0 3 1 2 7 122
2 0 3 1 2 8 122
2 0 3 1 2 9 135
2 0 3 1 2 10 135
2 0 3 1 2 11 148
2 0 4 0 0 0 60
2 0 4 0 0 1 60
2 0 4 0 0 2 73
2 0 4 0 0 3 73
2 0 4 0 0 4 86
2 0 4 0 0 5 86
2 0 4 0 0 6 99
2 0 4 0 0 7 122
2 0 4 0 0 8 122
2 0 4 0 0 9 135
2 0 4 0 0 10 135
2 0 4 0 0 11 148
2 0 4 0 1 0 60
2 0 4 0 1 1 60
2 0 4 0 1 2 73
2 0 4 0 1 3 73
2 0 4 0 1 4 86
2 0 4 0 1 5 86
2 0 4 0 1 6 99
2 0 4 0 1 7 122
2 0 4 0 1 8 122
2 0 4 0 1 9 135
2 0 4 0 1 10 135
2 0 4 0 1 11 148
2 0 4 0 2 0 60
2 0 4 0 2 1 60
2 0 4 0 2 2 73
2 0 4 0 2 3 73
2 0 4 0 2 4 86
2 0 4 0 2 5 86
2 0 4 0 2 6 99
2 0 4 0 2 7 122
2 0 4 0 2 8 122
2 0 4 0 2 9 135
2 0 4 0 2 10 135
2 0 4 0 2 11 148
2 0 4 1 0 0 80
2 0 4 1 0 1 80
2 0 4 1 0 2 93
2 0 4 1 0 3 93
2 0 4 1 0 4 106
2 0 4 1 0 5 106
2 0 4 1 0 6 119
2 0 4 1 0 7 142
2 0 4 1 0 8 142
2 0 4 1 0 9 155
2 0 4 1 0 10 155
2 0 4 1 0 11 168
2 0 4 1 1 0 80
2 0 4 1 1 1 80
2 0 4 1 1 2 93
2 0 4 1 1 3 93
2 0 4 1 1 4 106
2 0 4 1 1 5 106
2 0 4 1 1 6 119
2 0 4 1 1 7 142
2 0 4 1 1 8 142
2 0 4 1 1 9 155
2 0 4 1 1 10 155
2 0 4 1 1 11 168
2 0 4 1 2 0 80
2 0 4 1 2 1 80
2 0 4 1 2 2 93
2 0 4 1 2 3 93
2 0 4 1 2 4 106
2 0 4 1 2 5 106
2 0 4 1 2 6 119
2 0 4 1 2 7 142
2 0 4 1 2 8 142
2 0 4 1 2 9 155
2 0 4 1 2 10 155
2 0 4 1 2 11 168
2 1 0 0 0 0 0
2 1 0 0 0 1 0
2 1 0 0 0 2 0
2 1 0 0 0 3 0
2 1 0 0 0 4 0
2 1 0 0 0 5 0
2 1 0 0 0 6 0
2 1 0 0 0 7 0
2 1 0 0 0 8 0
2 1 0 0 0 9 0
2 1 0 0 0 10 0
2 1 0 0 0 11 0
2 1 0 0 1 0 0
2 1 0 0 1 1 0
2 1 0 0 1 2 0
2 1 0 0 1 3 0
2 1 0 0 1 4 0
2 1 0 0 1 5 0
2 1 0 0 1 6 0
2 1 0 0 1 7 0
2 1 0 0 1 8 0
2 1 0 0 1 9 0
2 1 0 0 1 10 0
2 1 0 0 1 11 0
2 1 0 0 2 0 0
2 1 0 0 2 1 0
2 1 0 0 2 2 0
2 1 0 0 2 3 0
2 1 0 0 2 4 0
2 1 0 0 2 5 0
2 1 0 0 2 6 0
2 1 0 0 2 7 0
2 1 0 0 2 8 0
2 1 0 0 2 9 0
2 1 0 0 2 10 0
2 1 0 0 2 11 0
2 1 1 0 0 0 0
2 1 1 0 0 1 0
2 1 1 0 0 2 0
2 1 1 0 0 3 0
2 1 1 0 0 4 0
2 1 1 0 0 5 0
2 1 1 0 0 6 0
2 1 1 0 0 7 0
2 1 1 0 0 8 0
2 1 1 0 0 9 0
2 1 1 0 0 10 0
2 1 1 0 0 11 0
2 1 1 0 1 0 0
2 1 1 0 1 1 0
2 1 1 0 1 2 0
2 1 1 0 1 3 0
2 1 1 0 1 4 0
2 1 1 0 1 5 0
2 1 1 0 1 6 0
2 1 1 0 1 7 0
2 1 1 0 1 8 0
2 1 1 0 1 9 0
2 1 1 0 1 10 0
2 1 1 0 1 11 0
2 1 1 0 2 0 0
2 1 1 0 2 1 0
2 1 1 0 2 2 0
2 1 1 0 2 3 0
2 1 1 0 2 4 0
2 1 1 0 2 5 0
2 1 1 0 2 6 0
2 1 1 0 2 7 0
2 1 1 0 2 8 0
2 1 1 0 2 9 0
2 1 1 0 2 10 0
2 1 1 0 2 11 0
2 1 2 0 0 0 0
2 1 2 0 0 1 0
2 1 2 0 0 2 0
2 1 2 0 0 3 0
2 1 2 0 0 4 0
2 1 2 0 0 5 0
2 1 2 0 0 6 0
2 1 2 0 0 7 0
2 1 2 0 0 8 0
2 1 2 0 0 9 0
2 1 2 0 0 10 0
2 1 2 0 0 11 0
2 1 2 0 1 0 0
2 1 2 0 1 1 0
2 1 2 0 1 2 0
2 1 2 0 1 3 0
2 1 2 0 1 4 0
2 1 2 0 1 5 0
2 1 2 0 1 6 0
2 1 2 0 1 7 0
2 1 2 0 1 8 0
2 1 2 0 1 9 0
2 1 2 0 1 10 0
2 1 2 0 1 11 0
2 1 2 0 2 0 0
2 1 2 0 2 1 0
2 1 2 0 2 2 0
2 1 2 0 2 3 0
2 1 2 0 2 4 0
2 1 2 0 2 5 0
2 1 2 0 2 6 0
2 1 2 0 2 7 0
2 1 2 0 2 8 0
2 1 2 0 2 9 0
2 1 2 0 2 10 0
2 1 2 0 2 11 0
2 1 3 0 0 0 0
2 1 3 0 0 1 0
2 1 3 0 0 2 33
2 1 3 0 0 3 47
2 1 3 0 0 4 66
2 1 3 0 0 5 66
2 1 3 0 0 6 79
2 1 3 0 0 7 79
2 1 3 0 0 8 92
2 1 3 0 0 9 110
2 1 3 0 0 10 114
2 1 3 0 0 11 123
2 1 3 0 1 0 0
2 1 3 0 1 1 0
2 1 3 0 1 2 33
2 1 3 0 1 3 47
2 1 3 0 1 4 66
2 1 3 0 1 5 66
2 1 3 0 1 6 79
2 1 3 0 1 7 79
2 1 3 0 1 8 92
2 1 3 0 1 9 110
2 1 3 0 1 10 114
2 1 3 0 1 11 123
2 1 3 0 2 0 0
2 1 3 0 2 1 0
2 1 3 0 2 2 33
2 1 3 0 2 3 47
2 1 3 0 2 4 66
2 1 3 0 2 5 66
2 1 3 0 2 6 79
2 1 3 0 2 7 79
2 1 3 0 2 8 92
2 1 3 0 2 9 110
2 1 3 0 2 10 114
2 1 3 0 2 11 123
2 1 4 0 0 0 0
2 1 4 0 0 1 49
2 1 4 0 0 2 68
2 1 4 0 0 3 72
2 1 4 0 0 4 86
2 1 4 0 0 5 86
2 1 4 0 0 6 99
2 1 4 0 0 7 122
2 1 4 0 0 8 122
2 1 4 0 0 9 135
2 1 4 0 0 10 135
2 1 4 0 0 11 148
2 1 4 0 1 0 0
2 1 4 0 1 1 49
2 1 4 0 1 2 68
2 1 4 0 1 3 72
2 1 4 0 1 4 86
2 1 4 0 1 5 86
2 1 4 0 1 6 99
2 1 4 0 1 7 122
2 1 4 0 1 8 122
2 1 4 0 1 9 135
2 1 4 0 1 10 135
2 1 4 0 1 11 148
2 1 4 0 2 0 0
2 1 4 0 2 1 49
2 1 4 0 2 2 68
2 1 4 0 2 3 72
2 1 4 0 2 4 86
2 1 4 0 2 5 86
2 1 4 0 2 6 99
2 1 4 0 2 7 122
2 1 4 0 2 8 122
2 1 4 0 2 9 135
2 1 4 0 2 10 135
2 1 4 0 2 11 148
3 0 0 0 0 0 0
3 0 0 0 0 1 0
3 0 0 0 0 2 0
3 0 0 0 0 3 0
3 0 0 0 0 4 0
3 0 0 0 0 5 0
3 0 0 0 0 6 0
3 0 0 0 0 7 0
3 0 0 0 0 8 0
3 0 0 0 0 9 0
3 0 0 0 0 10 0
3 0 0 0 0 11 0
3 0 0 0 1 0 0
3 0 0 0 1 1 0
3 0 0 0 1 2 0
3 0 0 0 1 3 0
3 0 0 0 1 4 0
3 0 0 0 1 5 0
3 0 0 0 1 6 0
3 0 0 0 1 7 0
3 0 0 0 1 8 0
3 0 0 0 1 9 0
3 0 0 0 1 10 0
3 0 0 0 1 11 0
3 0 0 0 2 0 0
3 0 0 0 2 1 0
3 0 0 0 2 2 0
3 0 0 0 2 3 0
3 0 0 0 2 4 0
3 0 0 0 2 5 0
3 0 0 0 2 6 0
3 0 0 0 2 7 0
3 0 0 0 2 8 0
3 0 0 0 2 9 0
3 0 0 0 2 10 0
3 0 0 0 2 11 0
3 0 0 1 0 0 0
3 0 0 1 0 1 0
3 0 0 1 0 2 0
3 0 0 1 0 3 0
3 0 0 1 0 4 0
3 0 0 1 0 5 0
3 0 0 1 0 6 0
3 0 0 1 0 7 0
3 0 0 1 0 8 0
3 0 0 1 0 9 0
3 0 0 1 0 10 0
3 0 0 1 0 11 0
3 0 0 1 1 0 0
3 0 0 1 1 1 0
3 0 0 1 1 2 0
3 0 0 1 1 3 0
3 0 0 1 1 4 0
3 0 0 1 1 5 0
3 0 0 1 1 6 0
3 0 0 1 1 7 0
3 0 0 1 1 8 0
3 0 0 1 1 9 0
3 0 0 1 1 10 0
3 0 0 1 1 11 0
3 0 0 1 2 0 0
3 0 0 1 2 1 0
3 0 0 1 2 2 0
3 0 0 1 2 3 0
3 0 0 1 2 4 0
3 0 0 1 2 5 0
3 0 0 1 2 6 0
3 0 0 1 2 7 0
3 0 0 1 2 8 0
3 0 0 1 2 9 0
3 0 0 1 2 10 0
3 0 0 1 2 11 0
3 0 1 0 0 0 0
3 0 1 0 0 1 0
3 0 1 0 0 2 0
3 0 1 0 0 3 0
3 0 1 0 0 4 0
3 0 1 0 0 5 0
3 0 1 0 0 6 0
3 0 1 0 0 7 0
3 0 1 0 0 8 0
3 0 1 0 0 9 0
3 0 1 0 0 10 0
3 0 1 0 0 11 0
3 0 1 0 1 0 0
3 0 1 0 1 1 0
3 0 1 0 1 2 0
3 0 1 0 1 3 0
3 0 1 0 1 4 0
3 0 1 0 1 5 0
3 0 1 0 1 6 0
3 0 1 0 1 7 0
3 0 1 0 1 8 0
3 0 1 0 1 9 0
3 0 1 0 1 10 0
3 0 1 0 1 11 0
3 0 1 0 2 0 0
3 0 1 0 2 1 0
3 0 1 0 2 2 0
3 0 1 0 2 3 0
3 0 1 0 2 4 0
3 0 1 0 2 5 0
3 0 1 0 2 6 0
3 0 1 0 2 7 0
3 0 1 0 2 8 0
3 0 1 0 2 9 0
3 0 1 0 2 10 0
3 0 1 0 2 11 0
3 0 1 1 0 0 0
3 0 1 1 0 1 0
3 0 1 1 0 2 0
3 0 1 1 0 3 0
3 0 1 1 0 4 0
3 0 1 1 0 5 0
3 0 1 1 0 6 0
3 0 1 1 0 7 0
3 0 1 1 0 8 0
3 0 1 1 0 9 0
3 0 1 1 0 10 0
3 0 1 1 0 11 0
3 0 1 1 1 0 0
3 0 1 1 1 1 0
3 0 1 1 1 2 0
3 0 1 1 1 3 0
3 0 1 1 1 4 0
3 0 1 1 1 5 0
3 0 1 1 1 6 0
3 0 1 1 1 7 0
3 0 1 1 1 8 0
3 0 1 1 1 9 0
3 0 1 1 1 10 0
3 0 1 1 1 11 0
3 0 1 1 2 0 0
3 0 1 1 2 1 0
3 0 1 1 2 2 0
3 0 1 1 2 3 0
3 0 1 1 2 4 0
3 0 1 1 2 5 0
3 0 1 1 2 6 0
3 0 1 1 2 7 0
3 0 1 1 2 8 0
3 0 1 1 2 9 0
3 0 1 1 2 10 0
3 0 1 1 2 11 0
3 0 2 0 0 0 0
3 0 2 0 0 1 0
3 0 2 0 0 2 0
3 0 2 0 0 3 0
3 0 2 0 0 4 0
3 0 2 0 0 5 0
3 0 2 0 0 6 0
3 0 2 0 0 7 0
3 0 2 0 0 8 0
3 0 2 0 0 9 0
3 0 2 0 0 10 0
3 0 2 0 0 11 0
3 0 2 0 1 0 0
3 0 2 0 1 1 0
3 0 2 0 1 2 0
3 0 2 0 1 3 0
3 0 2 0 1 4 0
3 0 2 0 1 5 0
3 0 2 0 1 6 0
3 0 2 0 1 7 0
3 0 2 0 1 8 0
3 0 2 0 1 9 0
3 0 2 0 1 10 0
3 0 2 0 1 11 0
3 0 2 0 2 0 0
3 0 2 0 2 1 0
3 0 2 0 2 2 0
3 0 2 0 2 3 0
3 0 2 0 2 4 0
3 0 2 0 2 5 0
3 0 2 0 2 6 0
3 0 2 0 2 7 0
3 0 2 0 2 8 0
3 0 2 0 2 9 0
3 0 2 0 2 10 0
3 0 2 0 2 11 0
3 0 2 1 0 0 0
3 0 2 1 0 1 0
3 0 2 1 0 2 0
3 0 2 1 0 3 0
3 0 2 1 0 4 0
3 0 2 1 0 5 0
3 0 2 1 0 6 0
3 0 2 1 0 7 0
3 0 2 1 0 8 0
3 0 2 1 0 9 0
3 0 2 1 0 10 0
3 0 2 1 0 11 0
3 0 2 1 1 0 0
3 0 2 1 1 1 0
3 0 2 1 1 2 0
3 0 2 1 1 3 0
3 0 2 1 1 4 0
3 0 2 1 1 5 0
3 0 2 1 1 6 0
3 0 2 1 1 7 0
3 0 2 1 1 8 0
3 0 2 1 1 9 0
3 0 2 1 1 10 0
3 0 2 1 1 11 0
3 0 2 1 2 0 0
3 0 2 1 2 1 0
3 0 2 1 2 2 0
3 0 2 1 2 3 0
3 0 2 1 2 4 0
3 0 2 1 2 5 0
3 0 2 1 2 6 0
3 0 2 1 2 7 0
3 0 2 1 2 8 0
3 0 2 1 2 9 0
3 0 2 1 2 10 0
3 0 2 1 2 11 0
3 0 3 0 0 0 0
3 0 3 0 0 1 0
3 0 3 0 0 2 0
3 0 3 0 0 3 17
3 0 3 0 0 4 26
3 0 3 0 0 5 35
3 0 3 0 0 6 54
3 0 3 0 0 7 84
3 0 3 0 0 8 84
3 0 3 0 0 9 84
3 0 3 0 0 10 84
3 0 3 0 0 11 84
3 0 3 0 1 0 0
3 0 3 0 1 1 0
3 0 3 0 1 2 0
3 0 3 0 1 3 17
3 0 3 0 1 4 26
3 0 3 0 1 5 35
3 0 3 0 1 6 54
3 0 3 0 1 7 84
3 0 3 0 1 8 84
3 0 3 0 1 9 84
3 0 3 0 1 10 84
3 0 3 0 1 11 84
3 0 3 0 2 0 0
3 0 3 0 2 1 0
3 0 3 0 2 2 0
3 0 3 0 2 3 17
3 0 3 0 2 4 26
3 0 3 0 2 5 35
3 0 3 0 2 6 54
3 0 3 0 2 7 84
3 0 3 0 2 8 84
3 0 3 0 2 9 84
3 0 3 0 2 10 84
3 0 3 0 2 11 84
3 0 3 1 0 0 0
3 0 3 1 0 1 0
3 0 3 1 0 2 0
3 0 3 1 0 3 37
3 0 3 1 0 4 46
3 0 3 1 0 5 55
3 0 3 1 0 6 74
3 0 3 1 0 7 104
3 0 3 1 0 8 104
3 0 3 1 0 9 117
3 0 3 1 0 10 117
3 0 3 1 0 11 130
3 0 3 1 1 0 0
3 0 3 1 1 1 0
3 0 3 1 1 2 0
3 0 3 1 1 3 37
3 0 3 1 1 4 46
3 0 3 1 1 5 55
3 0 3 1 1 6 74
3 0 3 1 1 7 104
3 0 3 1 1 8 104
3 0 3 1 1 9 117
3 0 3 1 1 10 117
3 0 3 1 1 11 130
3 0 3 1 2 0 0
3 0 3 1 2 1 0
3 0 3 1 2 2 0
3 0 3 1 2 3 37
3 0 3 1 2 4 46
3 0 3 1 2 5 55
3 0 3 1 2 6 74
3 0 3 1 2 7 104
3 0 3 1 2 8 104
3 0 3 1 2 9 117
3 0 3 1 2 10 117
3 0 3 1 2 11 130
3 0 4 0 0 0 0
3 0 4 0 0 1 0
3 0 4 0 0 2 33
3 0 4 0 0 3 47
3 0 4 0 0 4 66
3 0 4 0 0 5 66
3 0 4 0 0 6 79
3 0 4 0 0 7 104
3 0 4 0 0 8 104
3 0 4 0 0 9 117
3 0 4 0 0 10 117
3 0 4 0 0 11 130
3 0 4 0 1 0 0
3 0 4 0 1 1 0
3 0 4 0 1 2 33
3 0 4 0 1 3 47
3 0 4 0 1 4 66
3 0 4 0 1 5 66
3 0 4 0 1 6 79
3 0 4 0 1 7 104
3 0 4 0 1 8 104
3 0 4 0 1 9 117
3 0 4 0 1 10 117
3 0 4 0 1 11 130
3 0 4 0 2 0 0
3 0 4 0 2 1 0
3 0 4 0 2 2 33
3 0 4 0 2 3 47
3 0 4 0 2 4 66
3 0 4 0 2 5 66
3 0 4 0 2 6 79
3 0 4 0 2 7 104
3 0 4 0 2 8 104
3 0 4 0 2 9 117
3 0 4 0 2 10 117
3 0 4 0 2 11 130
3 0 4 1 0 0 0
3 0 4 1 0 1 0
3 0 4 1 0 2 53
3 0 4 1 0 3 67
3 0 4 1 0 4 86
3 0 4 1 0 5 86
3 0 4 1 0 6 99
3 0 4 1 0 7 124
3 0 4 1 0 8 124
3 0 4 1 0 9 137
3 0 4 1 0 10 137
3 0 4 1 0 11 150
3 0 4 1 1 0 0
3 0 4 1 1 1 0
3 0 4 1 1 2 53
3 0 4 1 1 3 67
3 0 4 1 1 4 86
3 0 4 1 1 5 86
3 0 4 1 1 6 99
3 0 4 1 1 7 124
3 0 4 1 1 8 124
3 0 4 1 1 9 137
3 0 4 1 1 10 137
3 0 4 1 1 11 150
3 0 4 1 2 0 0
3 0 4 1 2 1 0
3 0 4 1 2 2 53
3 0 4 1 2 3 67
3 0 4 1 2 4 86
3 0 4 1 2 5 86
3 0 4 1 2 6 99
3 0 4 1 2 7 124
3 0 4 1 2 8 124
3 0 4 1 2 9 137
3 0 4 1 2 10 137
3 0 4 1 2 11 150
3 1 0 0 0 0 0
3 1 0 0 0 1 0
3 1 0 0 0 2 0
3 1 0 0 0 3 0
3 1 0 0 0 4 0
3 1 0 0 0 5 0
3 1 0 0 0 6 0
3 1 0 0 0 7 0
3 1 0 0 0 8 0
3 1 0 0 0 9 0
3 1 0 0 0 10 0
3 1 0 0 0 11 0
3 1 0 0 1 0 0
3 1 0 0 1 1 0
3 1 0 0 1 2 0
3 1 0 0 1 3 0
3 1 0 0 1 4 0
3 1 0 0 1 5 0
3 1 0 0 1 6 0
3 1 0 0 1 7 0
3 1 0 0 1 8 0
3 1 0 0 1 9 0
3 1 0 0 1 10 0
3 1 0 0 1 11 0
3 1 0 0 2 0 0
3 1 0 0 2 1 0
3 1 0 0 2 2 0
3 1 0 0 2 3 0
3 1 0 0 2 4 0
3 1 0 0 2 5 0
3 1 0 0 2 6 0
3 1 0 0 2 7 0
3 1 0 0 2 8 0
3 1 0 0 2 9 0
3 1 0 0 2 10 0
3 1 0 0 2 11 0
3 1 1 0 0 0 0
3 1 1 0 0 1 0
3 1 1 0 0 2 0
3 1 1 0 0 3 0
3 1 1 0 0 4 0
3 1 1 0 0 5 0
3 1 1 0 0 6 0
3 1 1 0 0 7 0
3 1 1 0 0 8 0
3 1 1 0 0 9 0
3 1 1 0 0 10 0
3 1 1 0 0 11 0
3 1 1 0 1 0 0
3 1 1 0 1 1 0
3 1 1 0 1 2 0
3 1 1 0 1 3 0
3 1 1 0 1 4 0
3 1 1 0 1 5 0
3 1 1 0 1 6 0
3 1 1 0 1 7 0
3 1 1 0 1 8 0
3 1 1 0 1 9 0
3 1 1 0 1 10 0
3 1 1 0 1 11 0
3 1 1 0 2 0 0
3 1 1 0 2 1 0
3 1 1 0 2 2 0
3 1 1 0 2 3 0
3 1 1 0 2 4 0
3 1 1 0 2 5 0
3 1 1 0 2 6 0
3 1 1 0 2 7 0
3 1 1 0 2 8 0
3 1 1 0 2 9 0
3 1 1 0 2 10 0
3 1 1 0 2 11 0
3 1 2 0 0 0 0
3 1 2 0 0 1 0
3 1 2 0 0 2 0
3 1 2 0 0 3 0
3 1 2 0 0 4 0
3 1 2 0 0 5 0
3 1 2 0 0 6 0
3 1 2 0 0 7 0
3 1 2 0 0 8 0
3 1 2 0 0 9 0
3 1 2 0 0 10 0
3 1 2 0 0 11 0
3 1 2 0 1 0 0
3 1 2 0 1 1 0
3 1 2 0 1 2 0
3 1 2 0 1 3 0
3 1 2 0 1 4 0
3 1 2 0 1 5 0
3 1 2 0 1 6 0
3 1 2 0 1 7 0
3 1 2 0 1 8 0
3 1 2 0 1 9 0
3 1 2 0 1 10 0
3 1 2 0 1 11 0
3 1 2 0 2 0 0
3 1 2 0 2 1 0
3 1 2 0 2 2 0
3 1 2 0 2 3 0
3 1 2 0 2 4 0
3 1 2 0 2 5 0
3 1 2 0 2 6 0
3 1 2 0 2 7 0
3 1 2 0 2 8 0
3 1 2 0 2 9 0
3 1 2 0 2 10 0
3 1 2 0 2 11 0
3 1 3 0 0 0 0
3 1 3 0 0 1 0
3 1 3 0 0 2 0
3 1 3 0 0 3 0
3 1 3 0 0 4 0
3 1 3 0 0 5 0
3 1 3 0 0 6 0
3 1 3 0 0 7 0
3 1 3 0 0 8 0
3 1 3 0 0 9 0
3 1 3 0 0 10 0
3 1 3 0 0 11 0
3 1 3 0 1 0 0
3 1 3 0 1 1 0
3 1 3 0 1 2 0
3 1 3 0 1 3 0
3 1 3 0 1 4 0
3 1 3 0 1 5 0
3 1 3 0 1 6 0
3 1 3 0 1 7 0
3 1 3 0 1 8 0
3 1 3 0 1 9 0
3 1 3 0 1 10 0
3 1 3 0 1 11 0
3 1 3 0 2 0 0
3 1 3 0 2 1 0
3 1 3 0 2 2 0
3 1 3 0 2 3 0
3 1 3 0 2 4 0
3 1 3 0 2 5 0
3 1 3 0 2 6 0
3 1 3 0 2 7 0
3 1 3 0 2 8 0
3 1 3 0 2 9 0
3 1 3 0 2 10 0
3 1 3 0 2 11 0
3 1 4 0 0 0 0
3 1 4 0 0 1 0
3 1 4 0 0 2 0
3 1 4 0 0 3 37
3 1 4 0 0 4 46
3 1 4 0 0 5 55
3 1 4 0 0 6 74
3 1 4 0 0 7 104
3 1 4 0 0 8 104
3 1 4 0 0 9 117
3 1 4 0 0 10 117
3 1 4 0 0 11 130
3 1 4 0 1 0 0
3 1 4 0 1 1 0
3 1 4 0 1 2 0
3 1 4 0 1 3 37
3 1 4 0 1 4 46
3 1 4 0 1 5 55
3 1 4 0 1 6 74
3 1 4 0 1 7 104
3 1 4 0 1 8 104
3 1 4 0 1 9 117
3 1 4 0 1 10 117
3 1 4 0 1 11 130
3 1 4 0 2 0 0
3 1 4 0 2 1 0
3 1 4 0 2 2 0
3 1 4 0 2 3 37
3 1 4 0 2 4 46
3 1 4 0 2 5 55
3 1 4 0 2 6 74
3 1 4 0 2 7 104
3 1 4 0 2 8 104
3 1 4 0 2 9 117
3 1 4 0 2 10 117
3 1 4 0 2 11 130
4 0 0 0 0 0 0
4 0 0 0 0 1 0
4 0 0 0 0 2 0
4 0 0 0 0 3 0
4 0 0 0 0 4 0
4 0 0 0 0 5 0
4 0 0 0 0 6 0
4 0 0 0 0 7 0
4 0 0 0 0 8 0
4 0 0 0 0 9 0
4 0 0 0 0 10 0
4 0 0 0 0 11 0
4 0 0 0 1 0 0
4 0 0 0 1 1 0
4 0 0 0 1 2 0
4 0 0 0 1 3 0
4 0 0 0 1 4 0
4 0 0 0 1 5 0
4 0 0 0 1 6 0
4 0 0 0 1 7 0
4 0 0 0 1 8 0
4 0 0 0 1 9 0
4 0 0 0 1 10 0
4 0 0 0 1 11 0
4 0 0 0 2 0 0
4 0 0 0 2 1 0
4 0 0 0 2 2 0
4 0 0 0 2 3 0
4 0 0 0 2 4 0
4 0 0 0 2 5 0
4 0 0 0 2 6 0
4 0 0 0 2 7 0
4 0 0 0 2 8 0
4 0 0 0 2 9 0
4 0 0 0 2 10 0
4 0 0 0 2 11 0
4 0 0 1 0 0 0
4 0 0 1 0 1 0
4 0 0 1 0 2 0
4 0 0 1 0 3 0
4 0 0 1 0 4 0
4 0 0 1 0 5 0
4 0 0 1 0 6 0
4 0 0 1 0 7 0
4 0 0 1 0 8 0
4 0 0 1 0 9 0
4 0 0 1 0 10 0
4 0 0 1 0 11 0
4 0 0 1 1 0 0
4 0 0 1 1 1 0
4 0 0 1 1 2 0
4 0 0 1 1 3 0
4 0 0 1 1 4 0
4 0 0 1 1 5 0
4 0 0 1 1 6 0
4 0 0 1 1 7 0
4 0 0 1 1 8 0
4 0 0 1 1 9 0
4 0 0 1 1 10 0
4 0 0 1 1 11 0
4 0 0 1 2 0 0
4 0 0 1 2 1 0
4 0 0 1 2 2 0
4 0 0 1 2 3 0
4 0 0 1 2 4 0
4 0 0 1 2 5 0
4 0 0 1 2 6 0
4 0 0 1 2 7 0
4 0 0 1 2 8 0
4 0 0 1 2 9 0
4 0 0 1 2 10 0
4 0 0 1 2 11 0
4 0 1 0 0 0 0
4 0 1 0 0 1 0
4 0 1 0 0 2 0
4 0 1 0 0 3 0
4 0 1 0 0 4 0
4 0 1 0 0 5 0
4 0 1 0 0 6 0
4 0 1 0 0 7 0
4 0 1 0 0 8 0
4 0 1 0 0 9 0
4 0 1 0 0 10 0
4 0 1 0 0 11 0
4 0 1 0 1 0 0
4 0 1 0 1 1 0
4 0 1 0 1 2 0
4 0 1 0 1 3 0
4 0 1 0 1 4 0
4 0 1 0 1 5 0
4 0 1 0 1 6 0
4 0 1 0 1 7 0
4 0 1 0 1 8 0
4 0 1 0 1 9 0
4 0 1 0 1 10 0
4 0 1 0 1 11 0
4 0 1 0 2 0 0
4 0 1 0 2 1 0
4 0 1 0 2 2 0
4 0 1 0 2 3 0
4 0 1 0 2 4 0
4 0 1 0 2 5 0
4 0 1 0 2 6 0
4 0 1 0 2 7 0
4 0 1 0 2 8 0
4 0 1 0 2 9 0
4 0 1 0 2 10 0
4 0 1 0 2 11 0
4 0 1 1 0 0 0
4 0 1 1 0 1 0
4 0 1 1 0 2 0
4 0 1 1 0 3 0
4 0 1 1 0 4 0
4 0 1 1 0 5 0
4 0 1 1 0 6 0
4 0 1 1 0 7 0
4 0 1 1 0 8 0
4 0 1 1 0 9 0
4 0 1 1 0 10 0
4 0 1 1 0 11 0
4 0 1 1 1 0 0
4 0 1 1 1 1 0
4 0 1 1 1 2 0
4 0 1 1 1 3 0
4 0 1 1 1 4 0
4 0 1 1 1 5 0
4 0 1 1 1 6 0
4 0 1 1 1 7 0
4 0 1 1 1 8 0
4 0 1 1 1 9 0
4 0 1 1 1 10 0
4 0 1 1 1 11 0
4 0 1 1 2 0 0
4 0 1 1 2 1 0
4 0 1 1 2 2 0
4 0 1 1 2 3 0
4 0 1 1 2 4 0
4 0 1 1 2 5 0
4 0 1 1 2 6 0
4 0 1 1 2 7 0
4 0 1 1 2 8 0
4 0 1 1 2 9 0
4 0 1 1 2 10 0
4 0 1 1 2 11 0
4 0 2 0 0 0 0
4 0 2 0 0 1 0
4 0 2 0 0 2 0
4 0 2 0 0 3 0
4 0 2 0 0 4 0
4 0 2 0 0 5 0
4 0 2 0 0 6 0
4 0 2 0 0 7 0
4 0 2 0 0 8 0
4 0 2 0 0 9 0
4 0 2 0 0 10 0
4 0 2 0 0 11 0
4 0 2 0 1 0 0
4 0 2 0 1 1 0
4 0 2 0 1 2 0
4 0 2 0 1 3 0
4 0 2 0 1 4 0
4 0 2 0 1 5 0
4 0 2 0 1 6 0
4 0 2 0 1 7 0
4 0 2 0 1 8 0
4 0 2 0 1 9 0
4 0 2 0 1 10 0
4 0 2 0 1 11 0
4 0 2 0 2 0 0
4 0 2 0 2 1 0
4 0 2 0 2 2 0
4 0 2 0 2 3 0
4 0 2 0 2 4 0
4 0 2 0 2 5 0
4 0 2 0 2 6 0
4 0 2 0 2 7 0
4 0 2 0 2 8 0
4 0 2 0 2 9 0
4 0 2 0 2 10 0
4 0 2 0 2 11 0
4 0 2 1 0 0 0
4 0 2 1 0 1 0
4 0 2 1 0 2 0
4 0 2 1 0 3 0
4 0 2 1 0 4 0
4 0 2 1 0 5 0
4 0 2 1 0 6 0
4 0 2 1 0 7 0
4 0 2 1 0 8 0
4 0 2 1 0 9 0
4 0 2 1 0 10 0
4 0 2 1 0 11 0
4 0 2 1 1 0 0
4 0 2 1 1 1 0
4 0 2 1 1 2 0
4 0 2 1 1 3 0
4 0 2 1 1 4 0
4 0 2 1 1 5 0
4 0 2 1 1 6 0
4 0 2 1 1 7 0
4 0 2 1 1 8 0
4 0 2 1 1 9 0
4 0 2 1 1 10 0
4 0 2 1 1 11 0
4 0 2 1 2 0 0
4 0 2 1 2 1 0
4 0 2 1 2 2 0
4 0 2 1 2 3 0
4 0 2 1 2 4 0
4 0 2 1 2 5 0
4 0 2 1 2 6 0
4 0 2 1 2 7 0
4 0 2 1 2 8 0
4 0 2 1 2 9 0
4 0 2 1 2 10 0
4 0 2 1 2 11 0
4 0 3 0 0 0 0
4 0 3 0 0 1 0
4 0 3 0 0 2 0
4 0 3 0 0 3 0
4 0 3 0 0 4 0
4 0 3 0 0 5 0
4 0 3 0 0 6 0
4 0 3 0 0 7 0
4 0 3 0 0 8 0
4 0 3 0 0 9 0
4 0 3 0 0 10 0
4 0 3 0 0 11 0
4 0 3 0 1 0 0
4 0 3 0 1 1 0
4 0 3 0 1 2 0
4 0 3 0 1 3 0
4 0 3 0 1 4 0
4 0 3 0 1 5 0
4 0 3 0 1 6 0
4 0 3 0 1 7 0
4 0 3 0 1 8 0
4 0 3 0 1 9 0
4 0 3 0 1 10 0
4 0 3 0 1 11 0
4 0 3 0 2 0 0
4 0 3 0 2 1 0
4 0 3 0 2 2 0
4 0 3 0 2 3 0
4 0 3 0 2 4 0
4 0 3 0 2 5 0
4 0 3 0 2 6 0
4 0 3 0 2 7 0
4 0 3 0 2 8 0
4 0 3 0 2 9 0
4 0 3 0 2 10 0
4 0 3 0 2 11 0
4 0 3 1 0 0 0
4 0 3 1 0 1 0
4 0 3 1 0 2 0
4 0 3 1 0 3 0
4 0 3 1 0 4 0
4 0 3 1 0 5 0
4 0 3 1 0 6 0
4 0 3 1 0 7 0
4 0 3 1 0 8 0
4 0 3 1 0 9 0
4 0 3 1 0 10 0
4 0 3 1 0 11 0
4 0 3 1 1 0 0
4 0 3 1 1 1 0
4 0 3 1 1 2 0
4 0 3 1 1 3 0
4 0 3 1 1 4 0
4 0 3 1 1 5 0
4 0 3 1 1 6 0
4 0 3 1 1 7 0
4 0 3 1 1 8 0
4 0 3 1 1 9 0
4 0 3 1 1 10 0
4 0 3 1 1 11 0
4 0 3 1 2 0 0
4 0 3 1 2 1 0
4 0 3 1 2 2 0
4 0 3 1 2 3 0
4 0 3 1 2 4 0
4 0 3 1 2 5 0
4 0 3 1 2 6 0
4 0 3 1 2 7 0
4 0 3 1 2 8 0
4 0 3 1 2 9 0
4 0 3 1 2 10 0
4 0 3 1 2 11 0
4 0 4 0 0 0 0
4 0 4 0 0 1 0
4 0 4 0 0 2 0
4 0 4 0 0 3 0
4 0 4 0 0 4 21
4 0 4 0 0 5 25
4 0 4 0 0 6 39
4 0 4 0 0 7 53
4 0 4 0 0 8 72
4 0 4 0 0 9 72
4 0 4 0 0 10 80
4 0 4 0 0 11 80
4 0 4 0 1 0 0
4 0 4 0 1 1 0
4 0 4 0 1 2 0
4 0 4 0 1 3 0
4 0 4 0 1 4 21
4 0 4 0 1 5 25
4 0 4 0 1 6 39
4 0 4 0 1 7 64
4 0 4 0 1 8 72
4 0 4 0 1 9 72
4 0 4 0 1 10 80
4 0 4 0 1 11 80
4 0 4 0 2 0 0
4 0 4 0 2 1 0
4 0 4 0 2 2 0
4 0 4 0 2 3 0
4 0 4 0 2 4 21
4 0 4 0 2 5 25
4 0 4 0 2 6 39
4 0 4 0 2 7 64
4 0 4 0 2 8 72
4 0 4 0 2 9 72
4 0 4 0 2 10 80
4 0 4 0 2 11 80
4 0 4 1 0 0 0
4 0 4 1 0 1 0
4 0 4 1 0 2 0
4 0 4 1 0 3 0
4 0 4 1 0 4 41
4 0 4 1 0 5 45
4 0 4 1 0 6 59
4 0 4 1 0 7 73
4 0 4 1 0 8 93
4 0 4 1 0 9 112
4 0 4 1 0 10 116
4 0 4 1 0 11 125
4 0 4 1 1 0 0
4 0 4 1 1 1 0
4 0 4 1 1 2 0
4 0 4 1 1 3 0
4 0 4 1 1 4 41
4 0 4 1 1 5 45
4 0 4 1 1 6 59
4 0 4 1 1 7 84
4 0 4 1 1 8 93
4 0 4 1 1 9 112
4 0 4 1 1 10 116
4 0 4 1 1 11 125
4 0 4 1 2 0 0
4 0 4 1 2 1 0
4 0 4 1 2 2 0
4 0 4 1 2 3 0
4 0 4 1 2 4 41
4 0 4 1 2 5 45
4 0 4 1 2 6 59
4 0 4 1 2 7 84
4 0 4 1 2 8 93
4 0 4 1 2 9 112
4 0 4 1 2 10 116
4 0 4 1 2 11 125
